# chl_car	water	dry_albino	lignin_cellulose	protein
0.000163	0	0.0012	    0	0.00E+00
0.000156	0	0.001195	0	0.00E+00
0.000145	0	0.001187	0	0.00E+00
0.000133	0	0.001174	0	0.00E+00
0.000121	0	0.001164	0	0.00E+00
0.000112	0	0.001154	0	0.00E+00
0.000105	0	0.001146	0	0.00E+00
0.0001	   0	0.001137	0	0.00E+00
9.58E-05	0	0.001127	0	0.00E+00
9.16E-05	0	0.001117	0	0.00E+00
8.88E-05	0	0.001105	0	0.00E+00
8.70E-05	0	0.001094	0	0.00E+00
8.62E-05	0	0.001082	0	0.00E+00
8.44E-05	0	0.00107  	0	0.00E+00
8.22E-05	0	0.001059	0	0.00E+00
8.03E-05	0	0.001047	0	0.00E+00
7.83E-05	0	0.001035	0	0.00E+00
7.63E-05	0	0.001024	0	0.00E+00
7.37E-05	0	0.001012	0	0.00E+00
7.02E-05	0	0.001001	0	0.00E+00
6.55E-05	0	0.000989	0	0.00E+00
6.01E-05	0	0.000977	0	0.00E+00
5.44E-05	0	0.000965	0	0.00E+00
4.80E-05	0	0.000952	0	0.00E+00
4.15E-05	0	0.000937	0	0.00E+00
3.66E-05	0	0.000922	0	0.00E+00
3.41E-05	0	0.000906	0	0.00E+00
3.46E-05	0	0.00089	    0	0.00E+00
3.52E-05	0	0.000873	0	0.00E+00
3.32E-05	0	0.000856	0	0.00E+00
3.03E-05	0	0.000839	0	0.00E+00
2.83E-05	0	0.000821	0	0.00E+00
2.73E-05	0	0.000803	0	0.00E+00
2.70E-05	0	0.000784	0	0.00E+00
2.67E-05	0	0.000765	0	0.00E+00
2.64E-05	0	0.000745	0	0.00E+00
2.60E-05	0	0.000726	0	0.00E+00
2.60E-05	0	0.000706	0	0.00E+00
2.68E-05	0	0.000686	0	0.00E+00
2.84E-05	0	0.000666	0	0.00E+00
3.09E-05	0	0.000646	0	0.00E+00
3.43E-05	0	0.000626	0	0.00E+00
3.73E-05	0	0.000605	0	0.00E+00
3.87E-05	0	0.000585	0	0.00E+00
3.88E-05	0	0.000565	0	0.00E+00
3.78E-05	0	0.000545	0	0.00E+00
3.71E-05	0	0.000525	0	0.00E+00
3.82E-05	0	0.000506	0	0.00E+00
4.24E-05	0	0.000486	0	0.00E+00
4.80E-05	0	0.000467	0	0.00E+00
5.26E-05	0	0.000448	0	0.00E+00
5.61E-05	0	0.000429	0	0.00E+00
6.05E-05	0	0.000411	0	0.00E+00
6.54E-05	0	0.000393	0	0.00E+00
6.82E-05	0	0.000375	0	0.00E+00
6.81E-05	0	0.000357	0	0.00E+00
6.50E-05	0	0.00034  	0	0.00E+00
5.64E-05	0	0.000323	0	0.00E+00
4.40E-05	0	0.000307	0	0.00E+00
3.21E-05	0	0.00029	    0	0.00E+00
2.23E-05	0	0.000275	0	0.00E+00
1.47E-05	0	0.00026  	0	0.00E+00
9.21E-06	0	0.000245	0	0.00E+00
5.56E-06	0	0.00023  	0	0.00E+00
3.46E-06	0	0.000216	0	0.00E+00
2.25E-06	0	0.000203	0	0.00E+00
1.44E-06	0	0.00019	    0	0.00E+00
8.60E-07	0	0.000177	0	0.00E+00
4.92E-07	0	0.000165	0	0.00E+00
2.74E-07	0	0.000153	0	0.00E+00
1.48E-07	0	0.000142	0	0.00E+00
7.04E-08	0	0.000131	0	0.00E+00
2.81E-08	0	0.000121	0	0.00E+00
7.04E-09	0	0.000111	0	0.00E+00
0	        0	0.000102	0	0.00E+00
0	        0	9.26E-05	0	0.00E+00
0	        0	8.41E-05	0	0.00E+00
0	        0	7.61E-05	0	0.00E+00
0	        0	6.85E-05	0	0.00E+00
0	        0	6.13E-05	0	0.00E+00
0	2.34E-08	5.47E-05	0	0.00E+00
0	4.66E-08	4.84E-05	0	0.00E+00
0	4.66E-08	4.26E-05	0	0.00E+00
0	6.99E-08	3.71E-05	0	0.00E+00
0	6.99E-08	3.21E-05	0	0.00E+00
0	6.99E-08	2.75E-05	0	0.00E+00
0	6.99E-08	2.33E-05	0	0.00E+00
0	9.31E-08	1.95E-05	0	0.00E+00
0	9.31E-08	1.61E-05	0	0.00E+00
0	9.31E-08	1.30E-05	0	0.00E+00
0	9.31E-08	1.03E-05	0	0.00E+00
0	9.31E-08	7.91E-06	0	0.00E+00
0	9.31E-08	5.87E-06	0	0.00E+00
0	1.16E-07	4.16E-06	0	0.00E+00
0	1.16E-07	2.76E-06	0	0.00E+00
0	1.16E-07	1.65E-06	0	0.00E+00
0	1.40E-07	8.39E-07	0	0.00E+00
0	1.40E-07	3.01E-07	0	0.00E+00
0	1.40E-07	2.53E-08	0	0.00E+00
0	1.63E-07	0	0	0.00E+00
0	1.63E-07	0	0	0.00E+00
0	1.86E-07	0	0	0.00E+00
0	1.86E-07	0	0	0.00E+00
0	2.10E-07	0	0	0.00E+00
0	2.56E-07	0	0	0.00E+00
0	3.49E-07	0	0	0.00E+00
0	4.42E-07	0	0	0.00E+00
0	5.82E-07	0	0	0.00E+00
0	7.23E-07	0	0	0.00E+00
0	8.39E-07	0	0	0.00E+00
0	9.31E-07	0	0	0.00E+00
0	9.80E-07	0	0	0.00E+00
0	1.05E-06	0	0	0.00E+00
0	1.05E-06	0	0	0.00E+00
0	1.07E-06	0	0	0.00E+00
0	1.07E-06	0	0	0.00E+00
0	1.00E-06	0	0	0.00E+00
0	9.57E-07	0	0	0.00E+00
0	9.31E-07	0	0	0.00E+00
0	8.86E-07	0	0	0.00E+00
0	8.39E-07	0	0	0.00E+00
0	7.68E-07	0	0	0.00E+00
0	6.99E-07	0	0	0.00E+00
0	5.82E-07	0	0	0.00E+00
0	4.66E-07	0	0	0.00E+00
0	4.42E-07	0	0	0.00E+00
0	4.42E-07	0	0	0.00E+00
0	3.97E-07	0	0	0.00E+00
0	3.73E-07	0	0	0.00E+00
0	3.49E-07	0	0	0.00E+00
0	3.49E-07	0	0	0.00E+00
0	3.26E-07	0	0	0.00E+00
0	3.03E-07	0	0	0.00E+00
0	3.03E-07	0	0	0.00E+00
0	3.03E-07	0	0	0.00E+00
0	3.26E-07	0	0	0.00E+00
0	3.26E-07	0	0	0.00E+00
0	3.49E-07	0	0	0.00E+00
0	3.73E-07	0	0	0.00E+00
0	4.19E-07	0	0	0.00E+00
0	4.66E-07	0	0	0.00E+00
0	5.36E-07	0	0	0.00E+00
0	6.29E-07	0	2.08E-08	0.00E+00
0	7.45E-07	0	8.61E-08	0.00E+00
0	8.64E-07	0	1.22E-07	0.00E+00
0	1.05E-06	0	1.88E-07	0.00E+00
0	1.23E-06	0	2.51E-07	0.00E+00
0	1.50E-06	0	3.55E-07	0.00E+00
0	1.73E-06	0	4.12E-07	0.00E+00
0	2.25E-06	0	4.21E-07	0.00E+00
0	2.70E-06	0	5.27E-07	0.00E+00
0	3.06E-06	0	6.65E-07	0.00E+00
0	3.16E-06	0	8.26E-07	0.00E+00
0	3.32E-06	0	1.02E-06	0.00E+00
0	3.36E-06	0	1.15E-06	0.00E+00
0	3.36E-06	0	1.29E-06	0.00E+00
0	3.40E-06	0	1.50E-06	0.00E+00
0	3.49E-06	0	1.78E-06	0.00E+00
0	3.54E-06	0	1.90E-06	0.00E+00
0	3.52E-06	0	2.02E-06	0.00E+00
0	3.52E-06	0	2.08E-06	0.00E+00
0	3.52E-06	0	2.00E-06	0.00E+00
0	3.45E-06	0	1.86E-06	0.00E+00
0	3.49E-06	0	1.70E-06	0.00E+00
0	3.43E-06	0	1.53E-06	0.00E+00
0	3.40E-06	0	1.34E-06	0.00E+00
0	3.36E-06	0	1.19E-06	0.00E+00
0	3.33E-06	0	1.06E-06	0.00E+00
0	3.28E-06	0	9.74E-07	0.00E+00
0	3.24E-06	0	8.73E-07	0.00E+00
0	3.22E-06	0	8.02E-07	0.00E+00
0	3.22E-06	0	7.07E-07	0.00E+00
0	3.16E-06	0	6.30E-07	0.00E+00
0	3.16E-06	0	6.12E-07	0.00E+00
0	3.19E-06	0	5.40E-07	2.35E-06
0	3.26E-06	0	4.38E-07	4.53E-06
0	3.28E-06	0	3.34E-07	4.61E-06
0	3.39E-06	0	2.44E-07	2.35E-06
0	3.49E-06	0	2.26E-07	3.45E-06
0	3.71E-06	0	2.00E-07	4.46E-06
0	3.89E-06	0	1.43E-07	5.54E-06
0	4.13E-06	0	1.46E-07	5.06E-06
0	4.42E-06	0	8.91E-08	4.21E-06
0	4.82E-06	0	9.56E-08	4.11E-06
0	5.25E-06	0	1.43E-07	3.20E-06
0	5.75E-06	0	2.26E-07	1.76E-06
0	6.32E-06	0	3.11E-07	7.58E-07
0	6.88E-06	0	4.51E-07	1.85E-06
0	7.55E-06	0	7.19E-07	1.68E-06
0	8.08E-06	0	9.92E-07	2.70E-06
0	8.59E-06	0	1.31E-06	4.79E-06
0	9.12E-06	0	1.72E-06	7.15E-06
0	9.61E-06	0	2.18E-06	4.96E-06
0	1.03E-05	0	2.39E-06	1.85E-06
0	1.13E-05	0	2.52E-06	1.85E-06
0	1.29E-05	0	2.65E-06	6.80E-06
0	1.53E-05	0	2.93E-06	8.41E-06
0	1.91E-05	0	3.01E-06	1.00E-05
0	2.46E-05	0	3.17E-06	1.06E-05
0	3.15E-05	0	3.52E-06	1.22E-05
0	3.93E-05	0	4.25E-06	1.34E-05
0	4.66E-05	0	5.38E-06	1.74E-05
0	5.36E-05	0	7.07E-06	2.17E-05
0	5.90E-05	0	9.27E-06	2.55E-05
0	6.35E-05	0	1.16E-05	1.98E-05
0	6.78E-05	0	1.37E-05	3.66E-05
0	6.99E-05	0	1.53E-05	4.13E-05
0	7.21E-05	0	1.64E-05	4.74E-05
0	7.39E-05	0	1.70E-05	5.83E-05
0	7.59E-05	0	1.72E-05	7.10E-05
0	7.42E-05	0	1.72E-05	6.61E-05
0	7.48E-05	0	1.70E-05	6.37E-05
0	7.51E-05	0	1.69E-05	7.83E-05
0	7.32E-05	0	1.69E-05	7.92E-05
0	6.99E-05	0	1.67E-05	7.87E-05
0	6.71E-05	0	1.66E-05	8.46E-05
0	6.35E-05	0	1.65E-05	8.80E-05
0	6.09E-05	0	1.64E-05	1.05E-04
0	5.79E-05	0	1.62E-05	1.17E-04
0	5.46E-05	0	1.59E-05	1.27E-04
0	5.15E-05	0	1.56E-05	1.32E-04
0	4.85E-05	0	1.53E-05	1.35E-04
0	4.57E-05	0	1.48E-05	1.29E-04
0	4.31E-05	0	1.46E-05	1.32E-04
0	4.10E-05	0	1.44E-05	1.40E-04
0	3.88E-05	0	1.42E-05	1.32E-04
0	3.63E-05	0	1.40E-05	1.27E-04
0	3.49E-05	0	1.40E-05	1.37E-04
0	3.30E-05	0	1.39E-05	1.29E-04
0	3.15E-05	0	1.38E-05	1.29E-04
0	3.00E-05	0	1.37E-05	1.29E-04
0	2.85E-05	0	1.37E-05	1.20E-04
0	2.73E-05	0	1.37E-05	1.20E-04
0	2.60E-05	0	1.35E-05	1.24E-04
0	2.49E-05	0	1.34E-05	1.27E-04
0	2.42E-05	0	1.34E-05	1.35E-04
0	2.32E-05	0	1.32E-05	1.32E-04
0	2.25E-05	0	1.29E-05	1.32E-04
0	2.17E-05	0	1.27E-05	1.32E-04
0	2.10E-05	0	1.23E-05	1.27E-04
0	2.06E-05	0	1.19E-05	1.35E-04
0	2.00E-05	0	1.16E-05	1.27E-04
0	1.95E-05	0	1.13E-05	1.27E-04
0	1.91E-05	0	1.12E-05	1.22E-04
0	1.87E-05	0	1.10E-05	1.24E-04
0	1.83E-05	0	1.10E-05	1.24E-04
0	1.81E-05	0	1.10E-05	1.29E-04
0	1.79E-05	0	1.10E-05	1.27E-04
0	1.75E-05	0	1.10E-05	1.14E-04
0	1.71E-05	0	1.12E-05	1.22E-04
0	1.70E-05	0	1.16E-05	1.20E-04
0	1.69E-05	0	1.21E-05	1.22E-04
0	1.65E-05	0	1.27E-05	1.22E-04
0	1.64E-05	0	1.32E-05	1.27E-04
0	1.63E-05	0	1.38E-05	1.42E-04
0	1.62E-05	0	1.42E-05	1.47E-04
0	1.61E-05	0	1.47E-05	1.67E-04
0	1.61E-05	0	1.53E-05	1.85E-04
0	1.61E-05	0	1.61E-05	2.05E-04
0	1.61E-05	0	1.67E-05	2.23E-04
0	1.61E-05	0	1.75E-05	2.43E-04
0	1.62E-05	0	1.82E-05	2.52E-04
0	1.63E-05	0	1.89E-05	2.50E-04
0	1.65E-05	0	1.93E-05	2.62E-04
0	1.69E-05	0	1.94E-05	2.70E-04
0	1.71E-05	0	1.94E-05	2.72E-04
0	1.76E-05	0	1.90E-05	2.82E-04
0	1.82E-05	0	1.86E-05	2.72E-04
0	1.87E-05	0	1.85E-05	2.72E-04
0	1.95E-05	0	1.85E-05	2.62E-04
0	2.00E-05	0	1.83E-05	2.60E-04
0	2.10E-05	0	1.81E-05	2.60E-04
0	2.17E-05	0	1.77E-05	2.48E-04
0	2.25E-05	0	1.72E-05	2.50E-04
0	2.32E-05	0	1.69E-05	2.33E-04
0	2.38E-05	0	1.67E-05	2.20E-04
0	2.42E-05	0	1.64E-05	2.13E-04
0	2.46E-05	0	1.60E-05	2.10E-04
0	2.47E-05	0	1.57E-05	2.00E-04
0	2.47E-05	0	1.54E-05	1.92E-04
0	2.47E-05	0	1.54E-05	1.90E-04
0	2.46E-05	0	1.54E-05	1.82E-04
0	2.46E-05	0	1.53E-05	1.80E-04
0	2.46E-05	0	1.53E-05	1.80E-04
0	2.46E-05	0	1.51E-05	1.80E-04
0	2.49E-05	0	1.48E-05	1.75E-04
0	2.49E-05	0	1.48E-05	1.70E-04
0	2.55E-05	0	1.44E-05	1.67E-04
0	2.64E-05	0	1.42E-05	1.57E-04
0	2.76E-05	0	1.39E-05	1.52E-04
0	2.94E-05	0	1.37E-05	1.52E-04
0	3.24E-05	0	1.34E-05	1.50E-04
0	3.62E-05	0	1.35E-05	1.42E-04
0	4.18E-05	0	1.37E-05	1.55E-04
0	5.08E-05	0	1.38E-05	1.47E-04
0	6.50E-05	0	1.41E-05	1.45E-04
0	8.38E-05	0	1.44E-05	1.50E-04
0	1.13E-04	0	1.50E-05	1.67E-04
0	1.47E-04	0	1.59E-05	1.90E-04
0	1.76E-04	0	1.72E-05	2.18E-04
0	0.000217	0	1.86E-05	2.48E-04
0	0.000259	0	1.99E-05	3.10E-04
0	0.000294	0	2.11E-05	3.70E-04
0	0.000319	0	2.19E-05	4.34E-04
0	0.000328	0	2.25E-05	4.69E-04
0	0.000333	0	2.28E-05	0.00052
0	0.000339	0	2.31E-05	0.000559
0	0.000339	0	2.32E-05	0.000583
0	0.000326	0	2.31E-05	0.000588
0	0.000328	0	2.31E-05	0.000603
0	0.000315	0	2.32E-05	0.000622
0	0.000309	0	2.33E-05	0.000622
0	0.000296	0	2.32E-05	0.000622
0	0.00029	0	2.31E-05	0.000637
0	0.000273	0	2.32E-05	0.000617
0	0.000249	0	2.34E-05	0.000627
0	0.000234	0	2.39E-05	0.000627
0	0.00022	0	2.42E-05	0.000617
0	0.000209	0	2.48E-05	0.000603
0	0.000199	0	2.57E-05	0.000612
0	0.000187	0	2.70E-05	0.000608
0	1.80E-04	0	2.86E-05	0.000603
0	1.70E-04	0	3.05E-05	0.000603
0	1.64E-04	0	3.28E-05	0.000588
0	1.56E-04	0	3.55E-05	0.000617
0	1.51E-04	0	3.87E-05	0.000627
0	1.44E-04	0	4.19E-05	0.000651
0	1.39E-04	0	4.53E-05	0.00069
0	1.34E-04	0	4.87E-05	0.000749
0	1.29E-04	0	5.19E-05	0.000812
0	1.25E-04	0	5.49E-05	0.00086
0	1.21E-04	0	5.78E-05	0.000909
0	1.16E-04	0	6.00E-05	0.000933
0	1.08E-04	0	6.24E-05	0.000924
0	9.95E-05	0	6.47E-05	0.000899
0	9.42E-05	0	6.65E-05	0.00087
0	9.02E-05	0	6.77E-05	0.000846
0	8.72E-05	0	6.89E-05	0.000851
0	8.26E-05	0	7.07E-05	0.000841
0	7.89E-05	0	7.13E-05	0.000841
0	7.65E-05	0	7.19E-05	0.000851
0	7.29E-05	0	7.25E-05	0.000846
0	7.01E-05	0	7.25E-05	0.00086
0	6.76E-05	0	7.25E-05	0.000865
0	6.50E-05	0	7.25E-05	0.00086
0	6.33E-05	0	7.25E-05	0.00088
0	6.15E-05	0	7.19E-05	0.000894
0	5.90E-05	0	7.19E-05	0.000919
0	5.76E-05	0	7.07E-05	0.000948
0	5.66E-05	0	7.07E-05	0.000996
0	5.51E-05	0	6.95E-05	0.001021
0	5.36E-05	0	6.83E-05	0.00105
0	5.28E-05	0	6.71E-05	0.001074
0	5.21E-05	0	6.59E-05	0.001099
0	5.15E-05	0	6.53E-05	0.001118
0	5.12E-05	0	6.36E-05	0.001123
0	5.02E-05	0	6.30E-05	0.001118
0	4.99E-05	0	6.18E-05	0.001094
0	4.93E-05	0	6.06E-05	0.001089
0	4.89E-05	0	6.00E-05	0.001084
0	4.87E-05	0	5.87E-05	0.001064
0	4.87E-05	0	5.80E-05	0.00106
0	4.82E-05	0	5.75E-05	0.00103
0	4.83E-05	0	5.69E-05	0.001011
0	4.78E-05	0	5.74E-05	0.000977
0	4.82E-05	0	5.88E-05	0.000962
0	4.82E-05	0	6.06E-05	0.000943
0	4.83E-05	0	6.30E-05	0.000958
0	4.87E-05	0	6.65E-05	0.000982
0	4.96E-05	0	7.01E-05	0.001026
0	4.99E-05	0	7.42E-05	0.001084
0	5.03E-05	0	7.90E-05	0.001152
0	5.08E-05	0	8.32E-05	0.001225
0	5.16E-05	0	8.67E-05	0.001293
0	5.22E-05	0	8.97E-05	0.001376
0	5.36E-05	0	9.15E-05	0.001424
0	5.49E-05	0	9.32E-05	0.001468
0	5.62E-05	0	9.44E-05	0.001521
0	5.79E-05	0	9.74E-05	0.001565
0	5.85E-05	0	1.00E-04	0.001589
0	5.98E-05	0	1.02E-04	0.001609
0	6.24E-05	0	0.000102	0.001628
0	6.45E-05	0	0.000102	0.001619
0	6.59E-05	0	0.000102	0.001594
0	6.89E-05	0	1.02E-04	0.00158
0	7.23E-05	0	0.000102	0.001565
0	7.39E-05	0	1.02E-04	0.001546
0	7.69E-05	0	1.03E-04	0.001555
0	8.08E-05	0	1.03E-04	0.001555
0	8.22E-05	0	1.03E-04	0.001555
0	8.62E-05	0	1.03E-04	0.00157
0	8.98E-05	0	1.03E-04	0.001541
0	9.59E-05	0	1.02E-04	0.001541
0	9.59E-05	0	1.00E-04	0.001512
0	9.89E-05	0	1.00E-04	0.001483
0	1.05E-04	0	1.00E-04	0.001458
0	1.20E-04	0	9.92E-05	0.001463
0	1.23E-04	0	9.92E-05	0.001439
0	1.26E-04	0	9.86E-05	0.001424
0	1.31E-04	0	9.74E-05	0.001439
0	1.31E-04	0	9.74E-05	0.001385
0	1.39E-04	0	9.86E-05	0.001458
0	1.41E-04	0	9.92E-05	0.001458
0	1.43E-04	0	1.00E-04	0.001453
0	1.46E-04	0	1.03E-04	0.001458
0	1.56E-04	0	1.05E-04	0.001517
0	1.55E-04	0	1.09E-04	0.001507
0	1.61E-04	0	1.13E-04	0.001551
0	1.64E-04	0	1.18E-04	0.001589
0	1.71E-04	0	1.24E-04	0.001643
0	1.85E-04	0	1.29E-04	0.001755
0	1.85E-04	0	0.000134	0.001769
0	0.000191	0	0.000139	0.001842
0	0.0002	0	0.000141	0.001876
0	0.00021	0	0.000147	0.001881
0	0.000217	0	0.000151	0.001862
0	0.000217	0	0.000153	0.001808
0	0.000217	0	0.000154	0.001886
0	0.000255	0	0.000154	0.00192
0	0.000262	0	0.000153	0.001881
0	0.000264	0	0.00015	0.001832
