400 2.377E-01 3.208E-02
401 2.373E-01 3.195E-02
402 2.369E-01 3.181E-02
403 2.365E-01 3.168E-02
404 2.360E-01 3.154E-02
405 2.356E-01 3.141E-02
406 2.352E-01 3.125E-02
407 2.348E-01 3.108E-02
408 2.344E-01 3.092E-02
409 2.340E-01 3.076E-02
410 2.336E-01 3.059E-02
411 2.332E-01 3.044E-02
412 2.328E-01 3.028E-02
413 2.324E-01 3.012E-02
414 2.320E-01 2.996E-02
415 2.316E-01 2.980E-02
416 2.312E-01 2.969E-02
417 2.308E-01 2.957E-02
418 2.304E-01 2.946E-02
419 2.299E-01 2.934E-02
420 2.295E-01 2.923E-02
421 2.290E-01 2.911E-02
422 2.284E-01 2.900E-02
423 2.278E-01 2.888E-02
424 2.272E-01 2.877E-02
425 2.267E-01 2.865E-02
426 2.263E-01 2.854E-02
427 2.259E-01 2.842E-02
428 2.254E-01 2.831E-02
429 2.250E-01 2.819E-02
430 2.246E-01 2.808E-02
431 2.243E-01 2.793E-02
432 2.240E-01 2.779E-02
433 2.237E-01 2.764E-02
434 2.234E-01 2.750E-02
435 2.231E-01 2.735E-02
436 2.228E-01 2.720E-02
437 2.224E-01 2.705E-02
438 2.221E-01 2.690E-02
439 2.218E-01 2.675E-02
440 2.215E-01 2.660E-02
441 2.215E-01 2.646E-02
442 2.215E-01 2.632E-02
443 2.215E-01 2.618E-02
444 2.215E-01 2.604E-02
445 2.214E-01 2.590E-02
446 2.215E-01 2.578E-02
447 2.215E-01 2.566E-02
448 2.216E-01 2.553E-02
449 2.217E-01 2.541E-02
450 2.217E-01 2.529E-02
451 2.218E-01 2.523E-02
452 2.219E-01 2.518E-02
453 2.219E-01 2.513E-02
454 2.220E-01 2.508E-02
455 2.221E-01 2.502E-02
456 2.222E-01 2.502E-02
457 2.224E-01 2.502E-02
458 2.225E-01 2.502E-02
459 2.227E-01 2.501E-02
460 2.228E-01 2.501E-02
461 2.230E-01 2.501E-02
462 2.231E-01 2.501E-02
463 2.233E-01 2.500E-02
464 2.234E-01 2.500E-02
465 2.236E-01 2.500E-02
466 2.238E-01 2.500E-02
467 2.240E-01 2.499E-02
468 2.241E-01 2.499E-02
469 2.243E-01 2.499E-02
470 2.245E-01 2.499E-02
471 2.247E-01 2.498E-02
472 2.249E-01 2.498E-02
473 2.251E-01 2.498E-02
474 2.253E-01 2.498E-02
475 2.256E-01 2.497E-02
476 2.258E-01 2.483E-02
477 2.260E-01 2.468E-02
478 2.262E-01 2.453E-02
479 2.264E-01 2.438E-02
480 2.266E-01 2.423E-02
481 2.269E-01 2.423E-02
482 2.271E-01 2.423E-02
483 2.273E-01 2.423E-02
484 2.276E-01 2.422E-02
485 2.278E-01 2.422E-02
486 2.280E-01 2.422E-02
487 2.283E-01 2.422E-02
488 2.285E-01 2.421E-02
489 2.287E-01 2.421E-02
490 2.289E-01 2.421E-02
491 2.293E-01 2.450E-02
492 2.297E-01 2.479E-02
493 2.302E-01 2.508E-02
494 2.306E-01 2.537E-02
495 2.310E-01 2.566E-02
496 2.314E-01 2.565E-02
497 2.319E-01 2.565E-02
498 2.324E-01 2.565E-02
499 2.329E-01 2.565E-02
500 2.333E-01 2.564E-02
501 2.340E-01 2.564E-02
502 2.346E-01 2.564E-02
503 2.353E-01 2.564E-02
504 2.359E-01 2.563E-02
505 2.366E-01 2.563E-02
506 2.371E-01 2.570E-02
507 2.376E-01 2.577E-02
508 2.381E-01 2.584E-02
509 2.387E-01 2.591E-02
510 2.392E-01 2.598E-02
511 2.396E-01 2.598E-02
512 2.400E-01 2.598E-02
513 2.405E-01 2.598E-02
514 2.409E-01 2.597E-02
515 2.413E-01 2.597E-02
516 2.418E-01 2.597E-02
517 2.422E-01 2.597E-02
518 2.427E-01 2.596E-02
519 2.431E-01 2.596E-02
520 2.436E-01 2.596E-02
521 2.441E-01 2.596E-02
522 2.446E-01 2.595E-02
523 2.452E-01 2.595E-02
524 2.457E-01 2.595E-02
525 2.462E-01 2.595E-02
526 2.467E-01 2.594E-02
527 2.472E-01 2.594E-02
528 2.477E-01 2.594E-02
529 2.482E-01 2.594E-02
530 2.487E-01 2.593E-02
531 2.492E-01 2.593E-02
532 2.497E-01 2.593E-02
533 2.502E-01 2.593E-02
534 2.507E-01 2.592E-02
535 2.512E-01 2.592E-02
536 2.517E-01 2.614E-02
537 2.522E-01 2.635E-02
538 2.527E-01 2.657E-02
539 2.532E-01 2.679E-02
540 2.537E-01 2.700E-02
541 2.542E-01 2.700E-02
542 2.546E-01 2.700E-02
543 2.551E-01 2.700E-02
544 2.556E-01 2.699E-02
545 2.561E-01 2.699E-02
546 2.566E-01 2.735E-02
547 2.571E-01 2.772E-02
548 2.576E-01 2.808E-02
549 2.582E-01 2.844E-02
550 2.587E-01 2.880E-02
551 2.592E-01 2.880E-02
552 2.598E-01 2.880E-02
553 2.603E-01 2.879E-02
554 2.609E-01 2.879E-02
555 2.614E-01 2.879E-02
556 2.620E-01 2.879E-02
557 2.626E-01 2.878E-02
558 2.631E-01 2.878E-02
559 2.637E-01 2.878E-02
560 2.642E-01 2.878E-02
561 2.647E-01 2.877E-02
562 2.651E-01 2.877E-02
563 2.655E-01 2.877E-02
564 2.659E-01 2.877E-02
565 2.664E-01 2.877E-02
566 2.667E-01 2.884E-02
567 2.671E-01 2.891E-02
568 2.675E-01 2.898E-02
569 2.679E-01 2.905E-02
570 2.683E-01 2.912E-02
571 2.686E-01 2.912E-02
572 2.690E-01 2.911E-02
573 2.694E-01 2.911E-02
574 2.698E-01 2.911E-02
575 2.702E-01 2.911E-02
576 2.707E-01 2.918E-02
577 2.712E-01 2.926E-02
578 2.717E-01 2.934E-02
579 2.722E-01 2.942E-02
580 2.727E-01 2.950E-02
581 2.732E-01 2.978E-02
582 2.737E-01 3.006E-02
583 2.742E-01 3.034E-02
584 2.747E-01 3.062E-02
585 2.752E-01 3.090E-02
586 2.757E-01 3.090E-02
587 2.762E-01 3.090E-02
588 2.767E-01 3.090E-02
589 2.772E-01 3.089E-02
590 2.777E-01 3.089E-02
591 2.782E-01 3.089E-02
592 2.787E-01 3.089E-02
593 2.792E-01 3.088E-02
594 2.797E-01 3.088E-02
595 2.802E-01 3.088E-02
596 2.807E-01 3.088E-02
597 2.812E-01 3.087E-02
598 2.818E-01 3.087E-02
599 2.823E-01 3.087E-02
600 2.828E-01 3.087E-02
601 2.833E-01 3.098E-02
602 2.838E-01 3.110E-02
603 2.844E-01 3.122E-02
604 2.849E-01 3.133E-02
605 2.855E-01 3.145E-02
606 2.861E-01 3.147E-02
607 2.866E-01 3.150E-02
608 2.872E-01 3.152E-02
609 2.878E-01 3.155E-02
610 2.884E-01 3.157E-02
611 2.890E-01 3.157E-02
612 2.896E-01 3.157E-02
613 2.902E-01 3.156E-02
614 2.908E-01 3.156E-02
615 2.913E-01 3.156E-02
616 2.919E-01 3.163E-02
617 2.924E-01 3.170E-02
618 2.929E-01 3.177E-02
619 2.934E-01 3.184E-02
620 2.939E-01 3.191E-02
621 2.944E-01 3.198E-02
622 2.950E-01 3.205E-02
623 2.955E-01 3.212E-02
624 2.960E-01 3.219E-02
625 2.965E-01 3.227E-02
626 2.970E-01 3.263E-02
627 2.975E-01 3.299E-02
628 2.980E-01 3.335E-02
629 2.985E-01 3.371E-02
630 2.990E-01 3.408E-02
631 2.995E-01 3.407E-02
632 2.999E-01 3.407E-02
633 3.004E-01 3.407E-02
634 3.008E-01 3.407E-02
635 3.013E-01 3.406E-02
636 3.017E-01 3.425E-02
637 3.022E-01 3.443E-02
638 3.026E-01 3.461E-02
639 3.030E-01 3.479E-02
640 3.035E-01 3.498E-02
641 3.039E-01 3.515E-02
642 3.044E-01 3.533E-02
643 3.048E-01 3.551E-02
644 3.053E-01 3.568E-02
645 3.057E-01 3.586E-02
646 3.062E-01 3.593E-02
647 3.066E-01 3.600E-02
648 3.071E-01 3.607E-02
649 3.075E-01 3.614E-02
650 3.080E-01 3.621E-02
651 3.086E-01 3.636E-02
652 3.092E-01 3.650E-02
653 3.097E-01 3.664E-02
654 3.103E-01 3.679E-02
655 3.109E-01 3.693E-02
656 3.117E-01 3.710E-02
657 3.125E-01 3.727E-02
658 3.133E-01 3.743E-02
659 3.141E-01 3.760E-02
660 3.149E-01 3.777E-02
661 3.156E-01 3.782E-02
662 3.162E-01 3.786E-02
663 3.169E-01 3.791E-02
664 3.176E-01 3.795E-02
665 3.182E-01 3.800E-02
666 3.188E-01 3.829E-02
667 3.193E-01 3.858E-02
668 3.199E-01 3.887E-02
669 3.204E-01 3.916E-02
670 3.210E-01 3.945E-02
671 3.216E-01 3.944E-02
672 3.221E-01 3.944E-02
673 3.227E-01 3.944E-02
674 3.232E-01 3.944E-02
675 3.238E-01 3.943E-02
676 3.244E-01 3.980E-02
677 3.250E-01 4.016E-02
678 3.257E-01 4.052E-02
679 3.263E-01 4.088E-02
680 3.269E-01 4.124E-02
681 3.275E-01 4.131E-02
682 3.281E-01 4.138E-02
683 3.288E-01 4.146E-02
684 3.294E-01 4.153E-02
685 3.300E-01 4.160E-02
686 3.304E-01 4.167E-02
687 3.309E-01 4.174E-02
688 3.313E-01 4.181E-02
689 3.317E-01 4.188E-02
690 3.322E-01 4.195E-02
691 3.325E-01 4.195E-02
692 3.328E-01 4.194E-02
693 3.332E-01 4.194E-02
694 3.335E-01 4.194E-02
695 3.338E-01 4.194E-02
696 3.341E-01 4.193E-02
697 3.345E-01 4.193E-02
698 3.348E-01 4.193E-02
699 3.351E-01 4.193E-02
700 3.355E-01 4.193E-02
701 3.361E-01 4.214E-02
702 3.367E-01 4.236E-02
703 3.373E-01 4.257E-02
704 3.379E-01 4.279E-02
705 3.385E-01 4.301E-02
706 3.392E-01 4.332E-02
707 3.398E-01 4.363E-02
708 3.405E-01 4.394E-02
709 3.412E-01 4.426E-02
710 3.418E-01 4.457E-02
711 3.424E-01 4.462E-02
712 3.429E-01 4.466E-02
713 3.434E-01 4.471E-02
714 3.439E-01 4.476E-02
715 3.444E-01 4.480E-02
716 3.449E-01 4.495E-02
717 3.454E-01 4.509E-02
718 3.459E-01 4.523E-02
719 3.464E-01 4.538E-02
720 3.469E-01 4.552E-02
721 3.476E-01 4.566E-02
722 3.483E-01 4.581E-02
723 3.490E-01 4.595E-02
724 3.497E-01 4.609E-02
725 3.504E-01 4.624E-02
726 3.512E-01 4.653E-02
727 3.520E-01 4.682E-02
728 3.529E-01 4.711E-02
729 3.537E-01 4.739E-02
730 3.545E-01 4.768E-02
731 3.549E-01 4.805E-02
732 3.553E-01 4.841E-02
733 3.557E-01 4.877E-02
734 3.560E-01 4.913E-02
735 3.564E-01 4.949E-02
736 3.568E-01 4.971E-02
737 3.572E-01 4.993E-02
738 3.575E-01 5.014E-02
739 3.579E-01 5.036E-02
740 3.583E-01 5.058E-02
741 3.587E-01 5.073E-02
742 3.591E-01 5.089E-02
743 3.595E-01 5.105E-02
744 3.600E-01 5.121E-02
745 3.604E-01 5.136E-02
746 3.609E-01 5.156E-02
747 3.615E-01 5.175E-02
748 3.621E-01 5.195E-02
749 3.626E-01 5.214E-02
750 3.632E-01 5.233E-02
751 3.637E-01 5.253E-02
752 3.643E-01 5.272E-02
753 3.649E-01 5.292E-02
754 3.654E-01 5.311E-02
755 3.660E-01 5.330E-02
756 3.667E-01 5.355E-02
757 3.674E-01 5.380E-02
758 3.681E-01 5.404E-02
759 3.688E-01 5.429E-02
760 3.695E-01 5.454E-02
761 3.700E-01 5.461E-02
762 3.705E-01 5.468E-02
763 3.710E-01 5.475E-02
764 3.715E-01 5.482E-02
765 3.719E-01 5.489E-02
766 3.722E-01 5.489E-02
767 3.725E-01 5.488E-02
768 3.728E-01 5.488E-02
769 3.731E-01 5.488E-02
770 3.733E-01 5.488E-02
771 3.736E-01 5.490E-02
772 3.739E-01 5.493E-02
773 3.742E-01 5.496E-02
774 3.745E-01 5.498E-02
775 3.747E-01 5.501E-02
776 3.752E-01 5.549E-02
777 3.758E-01 5.597E-02
778 3.763E-01 5.645E-02
779 3.768E-01 5.692E-02
780 3.773E-01 5.740E-02
781 3.778E-01 5.753E-02
782 3.783E-01 5.766E-02
783 3.789E-01 5.778E-02
784 3.794E-01 5.791E-02
785 3.799E-01 5.804E-02
786 3.804E-01 5.813E-02
787 3.808E-01 5.821E-02
788 3.813E-01 5.830E-02
789 3.817E-01 5.839E-02
790 3.822E-01 5.847E-02
791 3.825E-01 5.884E-02
792 3.829E-01 5.920E-02
793 3.832E-01 5.956E-02
794 3.836E-01 5.992E-02
795 3.839E-01 6.028E-02
796 3.843E-01 6.028E-02
797 3.846E-01 6.028E-02
798 3.850E-01 6.028E-02
799 3.853E-01 6.027E-02
800 3.857E-01 6.027E-02
801 3.862E-01 6.063E-02
802 3.866E-01 6.100E-02
803 3.871E-01 6.136E-02
804 3.876E-01 6.172E-02
805 3.881E-01 6.208E-02
806 3.886E-01 6.223E-02
807 3.891E-01 6.237E-02
808 3.896E-01 6.251E-02
809 3.901E-01 6.266E-02
810 3.906E-01 6.280E-02
811 3.911E-01 6.280E-02
812 3.917E-01 6.279E-02
813 3.922E-01 6.279E-02
814 3.928E-01 6.279E-02
815 3.933E-01 6.279E-02
816 3.939E-01 6.300E-02
817 3.944E-01 6.322E-02
818 3.950E-01 6.344E-02
819 3.955E-01 6.365E-02
820 3.961E-01 6.387E-02
821 3.966E-01 6.433E-02
822 3.971E-01 6.479E-02
823 3.976E-01 6.525E-02
824 3.981E-01 6.571E-02
825 3.987E-01 6.616E-02
826 3.991E-01 6.643E-02
827 3.995E-01 6.669E-02
828 3.999E-01 6.696E-02
829 4.003E-01 6.722E-02
830 4.007E-01 6.749E-02
831 4.010E-01 6.749E-02
832 4.013E-01 6.748E-02
833 4.015E-01 6.748E-02
834 4.018E-01 6.748E-02
835 4.021E-01 6.748E-02
836 4.023E-01 6.747E-02
837 4.026E-01 6.747E-02
838 4.028E-01 6.747E-02
839 4.031E-01 6.747E-02
840 4.034E-01 6.747E-02
841 4.038E-01 6.776E-02
842 4.043E-01 6.806E-02
843 4.047E-01 6.836E-02
844 4.052E-01 6.866E-02
845 4.056E-01 6.896E-02
846 4.061E-01 6.938E-02
847 4.066E-01 6.981E-02
848 4.070E-01 7.023E-02
849 4.075E-01 7.066E-02
850 4.079E-01 7.109E-02
851 4.082E-01 7.108E-02
852 4.085E-01 7.108E-02
853 4.088E-01 7.108E-02
854 4.091E-01 7.108E-02
855 4.094E-01 7.107E-02
856 4.097E-01 7.107E-02
857 4.099E-01 7.107E-02
858 4.102E-01 7.107E-02
859 4.104E-01 7.106E-02
860 4.107E-01 7.106E-02
861 4.110E-01 7.113E-02
862 4.113E-01 7.119E-02
863 4.116E-01 7.126E-02
864 4.119E-01 7.132E-02
865 4.122E-01 7.139E-02
866 4.128E-01 7.197E-02
867 4.134E-01 7.256E-02
868 4.139E-01 7.315E-02
869 4.145E-01 7.373E-02
870 4.150E-01 7.432E-02
871 4.155E-01 7.432E-02
872 4.160E-01 7.431E-02
873 4.165E-01 7.431E-02
874 4.170E-01 7.431E-02
875 4.175E-01 7.431E-02
876 4.178E-01 7.445E-02
877 4.182E-01 7.459E-02
878 4.185E-01 7.474E-02
879 4.189E-01 7.488E-02
880 4.193E-01 7.502E-02
881 4.196E-01 7.521E-02
882 4.200E-01 7.539E-02
883 4.204E-01 7.558E-02
884 4.207E-01 7.576E-02
885 4.211E-01 7.595E-02
886 4.214E-01 7.614E-02
887 4.217E-01 7.632E-02
888 4.221E-01 7.651E-02
889 4.224E-01 7.670E-02
890 4.227E-01 7.689E-02
891 4.230E-01 7.717E-02
892 4.232E-01 7.745E-02
893 4.235E-01 7.772E-02
894 4.237E-01 7.800E-02
895 4.240E-01 7.828E-02
896 4.242E-01 7.848E-02
897 4.245E-01 7.867E-02
898 4.247E-01 7.887E-02
899 4.250E-01 7.907E-02
900 4.252E-01 7.927E-02
901 4.255E-01 7.943E-02
902 4.258E-01 7.959E-02
903 4.261E-01 7.975E-02
904 4.264E-01 7.991E-02
905 4.267E-01 8.007E-02
906 4.270E-01 8.006E-02
907 4.274E-01 8.006E-02
908 4.277E-01 8.006E-02
909 4.281E-01 8.006E-02
910 4.284E-01 8.005E-02
911 4.288E-01 8.022E-02
912 4.291E-01 8.039E-02
913 4.295E-01 8.056E-02
914 4.298E-01 8.073E-02
915 4.302E-01 8.090E-02
916 4.306E-01 8.120E-02
917 4.311E-01 8.151E-02
918 4.315E-01 8.181E-02
919 4.319E-01 8.212E-02
920 4.324E-01 8.243E-02
921 4.328E-01 8.272E-02
922 4.333E-01 8.301E-02
923 4.337E-01 8.330E-02
924 4.342E-01 8.359E-02
925 4.346E-01 8.389E-02
926 4.351E-01 8.404E-02
927 4.355E-01 8.419E-02
928 4.359E-01 8.434E-02
929 4.364E-01 8.449E-02
930 4.368E-01 8.464E-02
931 4.370E-01 8.495E-02
932 4.373E-01 8.526E-02
933 4.376E-01 8.557E-02
934 4.378E-01 8.588E-02
935 4.381E-01 8.619E-02
936 4.384E-01 8.636E-02
937 4.386E-01 8.653E-02
938 4.389E-01 8.670E-02
939 4.392E-01 8.686E-02
940 4.394E-01 8.703E-02
941 4.397E-01 8.737E-02
942 4.400E-01 8.771E-02
943 4.403E-01 8.804E-02
944 4.406E-01 8.838E-02
945 4.409E-01 8.872E-02
946 4.412E-01 8.882E-02
947 4.415E-01 8.893E-02
948 4.418E-01 8.904E-02
949 4.421E-01 8.914E-02
950 4.424E-01 8.925E-02
951 4.427E-01 8.947E-02
952 4.430E-01 8.969E-02
953 4.433E-01 8.991E-02
954 4.436E-01 9.013E-02
955 4.438E-01 9.035E-02
956 4.439E-01 9.058E-02
957 4.440E-01 9.081E-02
958 4.441E-01 9.104E-02
959 4.441E-01 9.127E-02
960 4.442E-01 9.151E-02
961 4.443E-01 9.189E-02
962 4.444E-01 9.227E-02
963 4.445E-01 9.265E-02
964 4.446E-01 9.303E-02
965 4.447E-01 9.341E-02
966 4.450E-01 9.355E-02
967 4.453E-01 9.369E-02
968 4.456E-01 9.384E-02
969 4.459E-01 9.398E-02
970 4.462E-01 9.412E-02
971 4.465E-01 9.437E-02
972 4.468E-01 9.461E-02
973 4.471E-01 9.485E-02
974 4.474E-01 9.509E-02
975 4.477E-01 9.534E-02
976 4.479E-01 9.540E-02
977 4.482E-01 9.546E-02
978 4.485E-01 9.552E-02
979 4.487E-01 9.558E-02
980 4.490E-01 9.564E-02
981 4.492E-01 9.569E-02
982 4.495E-01 9.575E-02
983 4.497E-01 9.580E-02
984 4.500E-01 9.586E-02
985 4.502E-01 9.591E-02
986 4.506E-01 9.617E-02
987 4.509E-01 9.643E-02
988 4.513E-01 9.669E-02
989 4.516E-01 9.695E-02
990 4.520E-01 9.722E-02
991 4.525E-01 9.797E-02
992 4.530E-01 9.872E-02
993 4.535E-01 9.947E-02
994 4.540E-01 1.002E-01
995 4.545E-01 1.010E-01
996 4.549E-01 1.010E-01
997 4.553E-01 1.010E-01
998 4.557E-01 1.010E-01
999 4.561E-01 1.010E-01
1000 4.565E-01 1.010E-01
1001 4.568E-01 1.010E-01
1002 4.571E-01 1.011E-01
1003 4.573E-01 1.011E-01
1004 4.576E-01 1.012E-01
1005 4.579E-01 1.012E-01
1006 4.579E-01 1.015E-01
1007 4.580E-01 1.017E-01
1008 4.580E-01 1.019E-01
1009 4.580E-01 1.022E-01
1010 4.581E-01 1.024E-01
1011 4.582E-01 1.026E-01
1012 4.583E-01 1.028E-01
1013 4.584E-01 1.031E-01
1014 4.585E-01 1.033E-01
1015 4.586E-01 1.035E-01
1016 4.589E-01 1.035E-01
1017 4.591E-01 1.035E-01
1018 4.594E-01 1.035E-01
1019 4.597E-01 1.035E-01
1020 4.599E-01 1.035E-01
1021 4.602E-01 1.035E-01
1022 4.604E-01 1.035E-01
1023 4.606E-01 1.035E-01
1024 4.608E-01 1.035E-01
1025 4.611E-01 1.035E-01
1026 4.613E-01 1.042E-01
1027 4.614E-01 1.049E-01
1028 4.616E-01 1.056E-01
1029 4.618E-01 1.063E-01
1030 4.620E-01 1.070E-01
1031 4.622E-01 1.075E-01
1032 4.623E-01 1.080E-01
1033 4.625E-01 1.086E-01
1034 4.627E-01 1.091E-01
1035 4.628E-01 1.096E-01
1036 4.628E-01 1.096E-01
1037 4.627E-01 1.096E-01
1038 4.627E-01 1.096E-01
1039 4.627E-01 1.096E-01
1040 4.626E-01 1.096E-01
1041 4.626E-01 1.096E-01
1042 4.626E-01 1.096E-01
1043 4.625E-01 1.096E-01
1044 4.625E-01 1.096E-01
1045 4.625E-01 1.096E-01
1046 4.625E-01 1.096E-01
1047 4.626E-01 1.096E-01
1048 4.626E-01 1.096E-01
1049 4.627E-01 1.096E-01
1050 4.628E-01 1.096E-01
1051 4.628E-01 1.097E-01
1052 4.629E-01 1.099E-01
1053 4.630E-01 1.100E-01
1054 4.631E-01 1.102E-01
1055 4.631E-01 1.103E-01
1056 4.632E-01 1.105E-01
1057 4.633E-01 1.108E-01
1058 4.634E-01 1.110E-01
1059 4.635E-01 1.112E-01
1060 4.636E-01 1.114E-01
1061 4.640E-01 1.118E-01
1062 4.645E-01 1.121E-01
1063 4.649E-01 1.125E-01
1064 4.653E-01 1.129E-01
1065 4.658E-01 1.132E-01
1066 4.661E-01 1.132E-01
1067 4.664E-01 1.132E-01
1068 4.667E-01 1.132E-01
1069 4.670E-01 1.132E-01
1070 4.673E-01 1.132E-01
1071 4.673E-01 1.135E-01
1072 4.674E-01 1.138E-01
1073 4.675E-01 1.141E-01
1074 4.676E-01 1.144E-01
1075 4.677E-01 1.146E-01
1076 4.677E-01 1.148E-01
1077 4.678E-01 1.150E-01
1078 4.679E-01 1.152E-01
1079 4.680E-01 1.154E-01
1080 4.681E-01 1.156E-01
1081 4.682E-01 1.158E-01
1082 4.684E-01 1.160E-01
1083 4.685E-01 1.162E-01
1084 4.687E-01 1.163E-01
1085 4.688E-01 1.165E-01
1086 4.690E-01 1.168E-01
1087 4.692E-01 1.171E-01
1088 4.694E-01 1.174E-01
1089 4.696E-01 1.176E-01
1090 4.698E-01 1.179E-01
1091 4.701E-01 1.182E-01
1092 4.704E-01 1.184E-01
1093 4.708E-01 1.186E-01
1094 4.711E-01 1.188E-01
1095 4.714E-01 1.191E-01
1096 4.715E-01 1.191E-01
1097 4.716E-01 1.192E-01
1098 4.716E-01 1.193E-01
1099 4.717E-01 1.194E-01
1100 4.718E-01 1.195E-01
1101 4.717E-01 1.196E-01
1102 4.717E-01 1.197E-01
1103 4.716E-01 1.199E-01
1104 4.716E-01 1.200E-01
1105 4.715E-01 1.202E-01
1106 4.718E-01 1.204E-01
1107 4.720E-01 1.206E-01
1108 4.723E-01 1.209E-01
1109 4.725E-01 1.211E-01
1110 4.728E-01 1.213E-01
1111 4.731E-01 1.215E-01
1112 4.733E-01 1.217E-01
1113 4.736E-01 1.218E-01
1114 4.739E-01 1.220E-01
1115 4.742E-01 1.221E-01
1116 4.743E-01 1.223E-01
1117 4.745E-01 1.225E-01
1118 4.746E-01 1.226E-01
1119 4.748E-01 1.228E-01
1120 4.749E-01 1.229E-01
1121 4.749E-01 1.231E-01
1122 4.749E-01 1.233E-01
1123 4.749E-01 1.234E-01
1124 4.749E-01 1.236E-01
1125 4.749E-01 1.238E-01
1126 4.749E-01 1.240E-01
1127 4.749E-01 1.241E-01
1128 4.749E-01 1.243E-01
1129 4.749E-01 1.245E-01
1130 4.749E-01 1.246E-01
1131 4.751E-01 1.248E-01
1132 4.753E-01 1.250E-01
1133 4.755E-01 1.252E-01
1134 4.757E-01 1.253E-01
1135 4.759E-01 1.255E-01
1136 4.761E-01 1.257E-01
1137 4.764E-01 1.259E-01
1138 4.766E-01 1.261E-01
1139 4.768E-01 1.263E-01
1140 4.770E-01 1.265E-01
1141 4.773E-01 1.267E-01
1142 4.775E-01 1.268E-01
1143 4.777E-01 1.269E-01
1144 4.779E-01 1.271E-01
1145 4.782E-01 1.272E-01
1146 4.784E-01 1.274E-01
1147 4.786E-01 1.275E-01
1148 4.788E-01 1.277E-01
1149 4.791E-01 1.278E-01
1150 4.793E-01 1.279E-01
1151 4.793E-01 1.281E-01
1152 4.794E-01 1.282E-01
1153 4.794E-01 1.284E-01
1154 4.795E-01 1.285E-01
1155 4.796E-01 1.287E-01
1156 4.795E-01 1.288E-01
1157 4.795E-01 1.290E-01
1158 4.795E-01 1.291E-01
1159 4.795E-01 1.293E-01
1160 4.795E-01 1.294E-01
1161 4.799E-01 1.296E-01
1162 4.802E-01 1.297E-01
1163 4.805E-01 1.299E-01
1164 4.808E-01 1.300E-01
1165 4.811E-01 1.302E-01
1166 4.811E-01 1.303E-01
1167 4.811E-01 1.304E-01
1168 4.811E-01 1.306E-01
1169 4.811E-01 1.307E-01
1170 4.811E-01 1.309E-01
1171 4.813E-01 1.310E-01
1172 4.815E-01 1.312E-01
1173 4.816E-01 1.314E-01
1174 4.818E-01 1.316E-01
1175 4.820E-01 1.318E-01
1176 4.825E-01 1.320E-01
1177 4.829E-01 1.322E-01
1178 4.833E-01 1.323E-01
1179 4.838E-01 1.325E-01
1180 4.842E-01 1.327E-01
1181 4.845E-01 1.329E-01
1182 4.847E-01 1.331E-01
1183 4.850E-01 1.334E-01
1184 4.852E-01 1.336E-01
1185 4.855E-01 1.338E-01
1186 4.857E-01 1.340E-01
1187 4.858E-01 1.343E-01
1188 4.860E-01 1.346E-01
1189 4.862E-01 1.348E-01
1190 4.864E-01 1.351E-01
1191 4.863E-01 1.352E-01
1192 4.863E-01 1.353E-01
1193 4.863E-01 1.353E-01
1194 4.863E-01 1.354E-01
1195 4.863E-01 1.355E-01
1196 4.863E-01 1.358E-01
1197 4.864E-01 1.361E-01
1198 4.864E-01 1.364E-01
1199 4.864E-01 1.367E-01
1200 4.864E-01 1.369E-01
1201 4.866E-01 1.371E-01
1202 4.868E-01 1.373E-01
1203 4.870E-01 1.374E-01
1204 4.872E-01 1.376E-01
1205 4.874E-01 1.377E-01
1206 4.875E-01 1.383E-01
1207 4.875E-01 1.388E-01
1208 4.876E-01 1.394E-01
1209 4.877E-01 1.399E-01
1210 4.877E-01 1.405E-01
1211 4.878E-01 1.407E-01
1212 4.878E-01 1.409E-01
1213 4.878E-01 1.411E-01
1214 4.878E-01 1.412E-01
1215 4.879E-01 1.414E-01
1216 4.881E-01 1.415E-01
1217 4.884E-01 1.415E-01
1218 4.887E-01 1.415E-01
1219 4.889E-01 1.416E-01
1220 4.892E-01 1.416E-01
1221 4.893E-01 1.420E-01
1222 4.893E-01 1.423E-01
1223 4.894E-01 1.427E-01
1224 4.895E-01 1.431E-01
1225 4.896E-01 1.434E-01
1226 4.897E-01 1.438E-01
1227 4.897E-01 1.442E-01
1228 4.898E-01 1.445E-01
1229 4.899E-01 1.449E-01
1230 4.900E-01 1.453E-01
1231 4.901E-01 1.453E-01
1232 4.902E-01 1.452E-01
1233 4.903E-01 1.452E-01
1234 4.904E-01 1.452E-01
1235 4.905E-01 1.452E-01
1236 4.907E-01 1.453E-01
1237 4.909E-01 1.454E-01
1238 4.912E-01 1.455E-01
1239 4.914E-01 1.455E-01
1240 4.916E-01 1.456E-01
1241 4.919E-01 1.456E-01
1242 4.921E-01 1.456E-01
1243 4.924E-01 1.456E-01
1244 4.926E-01 1.456E-01
1245 4.929E-01 1.456E-01
1246 4.929E-01 1.458E-01
1247 4.929E-01 1.460E-01
1248 4.930E-01 1.462E-01
1249 4.930E-01 1.464E-01
1250 4.930E-01 1.467E-01
1251 4.929E-01 1.469E-01
1252 4.928E-01 1.471E-01
1253 4.927E-01 1.474E-01
1254 4.926E-01 1.476E-01
1255 4.924E-01 1.478E-01
1256 4.926E-01 1.479E-01
1257 4.928E-01 1.479E-01
1258 4.930E-01 1.480E-01
1259 4.932E-01 1.480E-01
1260 4.934E-01 1.481E-01
1261 4.935E-01 1.481E-01
1262 4.936E-01 1.481E-01
1263 4.937E-01 1.481E-01
1264 4.938E-01 1.481E-01
1265 4.939E-01 1.481E-01
1266 4.939E-01 1.481E-01
1267 4.940E-01 1.481E-01
1268 4.940E-01 1.481E-01
1269 4.941E-01 1.481E-01
1270 4.941E-01 1.481E-01
1271 4.942E-01 1.483E-01
1272 4.943E-01 1.485E-01
1273 4.945E-01 1.487E-01
1274 4.946E-01 1.489E-01
1275 4.947E-01 1.491E-01
1276 4.948E-01 1.492E-01
1277 4.950E-01 1.493E-01
1278 4.951E-01 1.494E-01
1279 4.953E-01 1.494E-01
1280 4.954E-01 1.495E-01
1281 4.957E-01 1.499E-01
1282 4.959E-01 1.502E-01
1283 4.962E-01 1.506E-01
1284 4.965E-01 1.510E-01
1285 4.967E-01 1.513E-01
1286 4.969E-01 1.513E-01
1287 4.972E-01 1.513E-01
1288 4.974E-01 1.513E-01
1289 4.976E-01 1.513E-01
1290 4.979E-01 1.513E-01
1291 4.980E-01 1.513E-01
1292 4.982E-01 1.513E-01
1293 4.984E-01 1.513E-01
1294 4.986E-01 1.513E-01
1295 4.988E-01 1.513E-01
1296 4.987E-01 1.517E-01
1297 4.987E-01 1.521E-01
1298 4.987E-01 1.525E-01
1299 4.987E-01 1.529E-01
1300 4.987E-01 1.533E-01
1301 4.987E-01 1.533E-01
1302 4.987E-01 1.533E-01
1303 4.987E-01 1.534E-01
1304 4.987E-01 1.534E-01
1305 4.987E-01 1.535E-01
1306 4.987E-01 1.535E-01
1307 4.987E-01 1.535E-01
1308 4.987E-01 1.534E-01
1309 4.987E-01 1.534E-01
1310 4.987E-01 1.534E-01
1311 4.987E-01 1.534E-01
1312 4.987E-01 1.534E-01
1313 4.987E-01 1.534E-01
1314 4.987E-01 1.534E-01
1315 4.987E-01 1.534E-01
1316 4.987E-01 1.534E-01
1317 4.987E-01 1.534E-01
1318 4.987E-01 1.534E-01
1319 4.987E-01 1.534E-01
1320 4.987E-01 1.534E-01
1321 4.987E-01 1.534E-01
1322 4.987E-01 1.534E-01
1323 4.987E-01 1.534E-01
1324 4.987E-01 1.534E-01
1325 4.987E-01 1.534E-01
1326 4.986E-01 1.534E-01
1327 4.986E-01 1.534E-01
1328 4.986E-01 1.534E-01
1329 4.986E-01 1.534E-01
1330 4.986E-01 1.534E-01
1331 4.987E-01 1.534E-01
1332 4.987E-01 1.534E-01
1333 4.987E-01 1.534E-01
1334 4.987E-01 1.534E-01
1335 4.987E-01 1.534E-01
1336 4.989E-01 1.532E-01
1337 4.990E-01 1.531E-01
1338 4.991E-01 1.529E-01
1339 4.993E-01 1.527E-01
1340 4.994E-01 1.526E-01
1341 4.996E-01 1.523E-01
1342 4.997E-01 1.520E-01
1343 4.999E-01 1.517E-01
1344 5.000E-01 1.515E-01
1345 5.002E-01 1.512E-01
1346 5.002E-01 1.510E-01
1347 5.003E-01 1.509E-01
1348 5.003E-01 1.507E-01
1349 5.003E-01 1.506E-01
1350 5.004E-01 1.504E-01
1351 5.004E-01 1.504E-01
1352 5.004E-01 1.504E-01
1353 5.004E-01 1.504E-01
1354 5.004E-01 1.504E-01
1355 5.004E-01 1.504E-01
1356 5.002E-01 1.500E-01
1357 5.000E-01 1.497E-01
1358 4.998E-01 1.493E-01
1359 4.996E-01 1.489E-01
1360 4.995E-01 1.486E-01
1361 4.993E-01 1.481E-01
1362 4.992E-01 1.476E-01
1363 4.991E-01 1.471E-01
1364 4.990E-01 1.466E-01
1365 4.989E-01 1.461E-01
1366 4.989E-01 1.454E-01
1367 4.989E-01 1.447E-01
1368 4.989E-01 1.440E-01
1369 4.989E-01 1.433E-01
1370 4.989E-01 1.425E-01
1371 4.989E-01 1.414E-01
1372 4.989E-01 1.403E-01
1373 4.989E-01 1.392E-01
1374 4.989E-01 1.381E-01
1375 4.989E-01 1.370E-01
1376 4.988E-01 1.363E-01
1377 4.988E-01 1.355E-01
1378 4.988E-01 1.348E-01
1379 4.988E-01 1.340E-01
1380 4.988E-01 1.332E-01
1381 4.979E-01 1.321E-01
1382 4.970E-01 1.309E-01
1383 4.962E-01 1.298E-01
1384 4.953E-01 1.287E-01
1385 4.944E-01 1.275E-01
1386 4.940E-01 1.264E-01
1387 4.937E-01 1.252E-01
1388 4.933E-01 1.240E-01
1389 4.930E-01 1.229E-01
1390 4.926E-01 1.217E-01
1391 4.926E-01 1.209E-01
1392 4.926E-01 1.201E-01
1393 4.926E-01 1.193E-01
1394 4.926E-01 1.185E-01
1395 4.926E-01 1.178E-01
1396 4.926E-01 1.169E-01
1397 4.926E-01 1.161E-01
1398 4.926E-01 1.152E-01
1399 4.926E-01 1.143E-01
1400 4.926E-01 1.135E-01
1401 4.926E-01 1.128E-01
1402 4.926E-01 1.122E-01
1403 4.926E-01 1.116E-01
1404 4.926E-01 1.109E-01
1405 4.926E-01 1.103E-01
1406 4.926E-01 1.098E-01
1407 4.926E-01 1.093E-01
1408 4.926E-01 1.088E-01
1409 4.926E-01 1.083E-01
1410 4.925E-01 1.078E-01
1411 4.933E-01 1.070E-01
1412 4.940E-01 1.062E-01
1413 4.947E-01 1.054E-01
1414 4.955E-01 1.046E-01
1415 4.962E-01 1.039E-01
1416 4.968E-01 1.037E-01
1417 4.974E-01 1.036E-01
1418 4.980E-01 1.035E-01
1419 4.986E-01 1.034E-01
1420 4.992E-01 1.032E-01
1421 4.994E-01 1.029E-01
1422 4.997E-01 1.026E-01
1423 4.999E-01 1.024E-01
1424 5.001E-01 1.021E-01
1425 5.003E-01 1.018E-01
1426 5.004E-01 1.016E-01
1427 5.005E-01 1.015E-01
1428 5.006E-01 1.013E-01
1429 5.006E-01 1.012E-01
1430 5.007E-01 1.010E-01
1431 5.007E-01 1.010E-01
1432 5.008E-01 1.010E-01
1433 5.008E-01 1.010E-01
1434 5.008E-01 1.010E-01
1435 5.008E-01 1.010E-01
1436 5.008E-01 1.010E-01
1437 5.008E-01 1.010E-01
1438 5.008E-01 1.010E-01
1439 5.008E-01 1.010E-01
1440 5.008E-01 1.010E-01
1441 5.008E-01 1.010E-01
1442 5.008E-01 1.010E-01
1443 5.008E-01 1.010E-01
1444 5.008E-01 1.010E-01
1445 5.008E-01 1.010E-01
1446 5.007E-01 1.012E-01
1447 5.006E-01 1.014E-01
1448 5.006E-01 1.016E-01
1449 5.005E-01 1.019E-01
1450 5.004E-01 1.021E-01
1451 5.004E-01 1.021E-01
1452 5.005E-01 1.021E-01
1453 5.005E-01 1.021E-01
1454 5.006E-01 1.021E-01
1455 5.006E-01 1.021E-01
1456 5.008E-01 1.021E-01
1457 5.011E-01 1.021E-01
1458 5.014E-01 1.021E-01
1459 5.016E-01 1.020E-01
1460 5.019E-01 1.020E-01
1461 5.020E-01 1.023E-01
1462 5.022E-01 1.026E-01
1463 5.023E-01 1.029E-01
1464 5.025E-01 1.032E-01
1465 5.026E-01 1.035E-01
1466 5.027E-01 1.036E-01
1467 5.028E-01 1.037E-01
1468 5.029E-01 1.037E-01
1469 5.031E-01 1.038E-01
1470 5.032E-01 1.039E-01
1471 5.032E-01 1.049E-01
1472 5.033E-01 1.059E-01
1473 5.033E-01 1.069E-01
1474 5.034E-01 1.079E-01
1475 5.034E-01 1.088E-01
1476 5.032E-01 1.092E-01
1477 5.030E-01 1.096E-01
1478 5.028E-01 1.100E-01
1479 5.026E-01 1.104E-01
1480 5.024E-01 1.107E-01
1481 5.022E-01 1.108E-01
1482 5.020E-01 1.108E-01
1483 5.019E-01 1.108E-01
1484 5.017E-01 1.108E-01
1485 5.015E-01 1.108E-01
1486 5.017E-01 1.114E-01
1487 5.019E-01 1.120E-01
1488 5.021E-01 1.126E-01
1489 5.023E-01 1.133E-01
1490 5.025E-01 1.139E-01
1491 5.027E-01 1.144E-01
1492 5.029E-01 1.150E-01
1493 5.031E-01 1.156E-01
1494 5.033E-01 1.161E-01
1495 5.035E-01 1.167E-01
1496 5.036E-01 1.171E-01
1497 5.037E-01 1.175E-01
1498 5.038E-01 1.180E-01
1499 5.040E-01 1.184E-01
1500 5.041E-01 1.188E-01
1501 5.039E-01 1.192E-01
1502 5.037E-01 1.196E-01
1503 5.036E-01 1.200E-01
1504 5.034E-01 1.204E-01
1505 5.033E-01 1.208E-01
1506 5.035E-01 1.212E-01
1507 5.036E-01 1.216E-01
1508 5.038E-01 1.220E-01
1509 5.040E-01 1.223E-01
1510 5.042E-01 1.227E-01
1511 5.044E-01 1.233E-01
1512 5.047E-01 1.239E-01
1513 5.049E-01 1.245E-01
1514 5.051E-01 1.251E-01
1515 5.054E-01 1.257E-01
1516 5.057E-01 1.262E-01
1517 5.061E-01 1.268E-01
1518 5.065E-01 1.274E-01
1519 5.068E-01 1.279E-01
1520 5.072E-01 1.285E-01
1521 5.072E-01 1.291E-01
1522 5.073E-01 1.298E-01
1523 5.073E-01 1.305E-01
1524 5.073E-01 1.311E-01
1525 5.074E-01 1.318E-01
1526 5.072E-01 1.321E-01
1527 5.071E-01 1.324E-01
1528 5.069E-01 1.327E-01
1529 5.068E-01 1.329E-01
1530 5.067E-01 1.332E-01
1531 5.067E-01 1.337E-01
1532 5.067E-01 1.342E-01
1533 5.067E-01 1.347E-01
1534 5.067E-01 1.352E-01
1535 5.067E-01 1.357E-01
1536 5.068E-01 1.360E-01
1537 5.070E-01 1.363E-01
1538 5.071E-01 1.366E-01
1539 5.072E-01 1.369E-01
1540 5.074E-01 1.372E-01
1541 5.075E-01 1.377E-01
1542 5.076E-01 1.381E-01
1543 5.078E-01 1.385E-01
1544 5.079E-01 1.390E-01
1545 5.080E-01 1.394E-01
1546 5.080E-01 1.396E-01
1547 5.079E-01 1.398E-01
1548 5.078E-01 1.400E-01
1549 5.077E-01 1.403E-01
1550 5.077E-01 1.405E-01
1551 5.075E-01 1.407E-01
1552 5.074E-01 1.410E-01
1553 5.073E-01 1.413E-01
1554 5.072E-01 1.415E-01
1555 5.071E-01 1.418E-01
1556 5.072E-01 1.424E-01
1557 5.074E-01 1.429E-01
1558 5.075E-01 1.435E-01
1559 5.077E-01 1.440E-01
1560 5.078E-01 1.446E-01
1561 5.079E-01 1.451E-01
1562 5.080E-01 1.455E-01
1563 5.082E-01 1.460E-01
1564 5.083E-01 1.465E-01
1565 5.084E-01 1.470E-01
1566 5.084E-01 1.475E-01
1567 5.084E-01 1.480E-01
1568 5.084E-01 1.485E-01
1569 5.084E-01 1.489E-01
1570 5.084E-01 1.494E-01
1571 5.084E-01 1.498E-01
1572 5.084E-01 1.501E-01
1573 5.084E-01 1.504E-01
1574 5.084E-01 1.508E-01
1575 5.084E-01 1.511E-01
1576 5.084E-01 1.512E-01
1577 5.084E-01 1.513E-01
1578 5.085E-01 1.515E-01
1579 5.085E-01 1.516E-01
1580 5.085E-01 1.517E-01
1581 5.087E-01 1.517E-01
1582 5.089E-01 1.517E-01
1583 5.090E-01 1.517E-01
1584 5.092E-01 1.517E-01
1585 5.094E-01 1.517E-01
1586 5.096E-01 1.517E-01
1587 5.097E-01 1.517E-01
1588 5.099E-01 1.517E-01
1589 5.101E-01 1.517E-01
1590 5.103E-01 1.517E-01
1591 5.103E-01 1.521E-01
1592 5.104E-01 1.525E-01
1593 5.104E-01 1.530E-01
1594 5.105E-01 1.534E-01
1595 5.106E-01 1.538E-01
1596 5.103E-01 1.541E-01
1597 5.101E-01 1.544E-01
1598 5.099E-01 1.547E-01
1599 5.097E-01 1.550E-01
1600 5.095E-01 1.553E-01
1601 5.093E-01 1.555E-01
1602 5.091E-01 1.557E-01
1603 5.089E-01 1.558E-01
1604 5.087E-01 1.560E-01
1605 5.085E-01 1.562E-01
1606 5.086E-01 1.568E-01
1607 5.087E-01 1.573E-01
1608 5.088E-01 1.578E-01
1609 5.089E-01 1.584E-01
1610 5.090E-01 1.589E-01
1611 5.091E-01 1.590E-01
1612 5.092E-01 1.590E-01
1613 5.093E-01 1.591E-01
1614 5.095E-01 1.592E-01
1615 5.096E-01 1.592E-01
1616 5.095E-01 1.594E-01
1617 5.093E-01 1.595E-01
1618 5.092E-01 1.597E-01
1619 5.091E-01 1.598E-01
1620 5.090E-01 1.600E-01
1621 5.089E-01 1.600E-01
1622 5.087E-01 1.600E-01
1623 5.086E-01 1.600E-01
1624 5.085E-01 1.600E-01
1625 5.084E-01 1.600E-01
1626 5.083E-01 1.603E-01
1627 5.083E-01 1.606E-01
1628 5.083E-01 1.608E-01
1629 5.082E-01 1.611E-01
1630 5.082E-01 1.614E-01
1631 5.082E-01 1.618E-01
1632 5.082E-01 1.621E-01
1633 5.082E-01 1.625E-01
1634 5.082E-01 1.628E-01
1635 5.082E-01 1.631E-01
1636 5.082E-01 1.631E-01
1637 5.082E-01 1.632E-01
1638 5.082E-01 1.632E-01
1639 5.082E-01 1.632E-01
1640 5.082E-01 1.632E-01
1641 5.082E-01 1.632E-01
1642 5.082E-01 1.632E-01
1643 5.082E-01 1.632E-01
1644 5.082E-01 1.632E-01
1645 5.082E-01 1.632E-01
1646 5.085E-01 1.632E-01
1647 5.089E-01 1.632E-01
1648 5.092E-01 1.632E-01
1649 5.096E-01 1.632E-01
1650 5.099E-01 1.632E-01
1651 5.101E-01 1.633E-01
1652 5.104E-01 1.635E-01
1653 5.106E-01 1.636E-01
1654 5.109E-01 1.638E-01
1655 5.111E-01 1.639E-01
1656 5.109E-01 1.639E-01
1657 5.107E-01 1.639E-01
1658 5.106E-01 1.639E-01
1659 5.104E-01 1.639E-01
1660 5.102E-01 1.639E-01
1661 5.100E-01 1.639E-01
1662 5.098E-01 1.639E-01
1663 5.097E-01 1.639E-01
1664 5.095E-01 1.639E-01
1665 5.093E-01 1.639E-01
1666 5.091E-01 1.639E-01
1667 5.090E-01 1.639E-01
1668 5.088E-01 1.639E-01
1669 5.086E-01 1.639E-01
1670 5.084E-01 1.639E-01
1671 5.083E-01 1.639E-01
1672 5.083E-01 1.639E-01
1673 5.082E-01 1.639E-01
1674 5.081E-01 1.639E-01
1675 5.081E-01 1.639E-01
1676 5.081E-01 1.639E-01
1677 5.081E-01 1.639E-01
1678 5.080E-01 1.638E-01
1679 5.080E-01 1.638E-01
1680 5.080E-01 1.638E-01
1681 5.080E-01 1.639E-01
1682 5.080E-01 1.640E-01
1683 5.080E-01 1.641E-01
1684 5.080E-01 1.641E-01
1685 5.080E-01 1.642E-01
1686 5.080E-01 1.642E-01
1687 5.080E-01 1.642E-01
1688 5.080E-01 1.642E-01
1689 5.080E-01 1.642E-01
1690 5.080E-01 1.642E-01
1691 5.082E-01 1.643E-01
1692 5.084E-01 1.643E-01
1693 5.086E-01 1.644E-01
1694 5.088E-01 1.645E-01
1695 5.090E-01 1.645E-01
1696 5.093E-01 1.645E-01
1697 5.095E-01 1.645E-01
1698 5.098E-01 1.645E-01
1699 5.101E-01 1.645E-01
1700 5.103E-01 1.645E-01
1701 5.106E-01 1.645E-01
1702 5.108E-01 1.645E-01
1703 5.111E-01 1.645E-01
1704 5.114E-01 1.645E-01
1705 5.116E-01 1.645E-01
1706 5.117E-01 1.645E-01
1707 5.118E-01 1.645E-01
1708 5.119E-01 1.645E-01
1709 5.120E-01 1.645E-01
1710 5.121E-01 1.645E-01
1711 5.122E-01 1.645E-01
1712 5.122E-01 1.645E-01
1713 5.122E-01 1.645E-01
1714 5.123E-01 1.645E-01
1715 5.123E-01 1.645E-01
1716 5.120E-01 1.642E-01
1717 5.116E-01 1.639E-01
1718 5.113E-01 1.636E-01
1719 5.110E-01 1.633E-01
1720 5.107E-01 1.630E-01
1721 5.104E-01 1.630E-01
1722 5.102E-01 1.630E-01
1723 5.100E-01 1.630E-01
1724 5.098E-01 1.630E-01
1725 5.095E-01 1.630E-01
1726 5.096E-01 1.629E-01
1727 5.096E-01 1.627E-01
1728 5.097E-01 1.626E-01
1729 5.097E-01 1.624E-01
1730 5.098E-01 1.623E-01
1731 5.095E-01 1.623E-01
1732 5.092E-01 1.623E-01
1733 5.089E-01 1.623E-01
1734 5.086E-01 1.623E-01
1735 5.083E-01 1.623E-01
1736 5.085E-01 1.617E-01
1737 5.086E-01 1.612E-01
1738 5.088E-01 1.607E-01
1739 5.090E-01 1.602E-01
1740 5.091E-01 1.597E-01
1741 5.092E-01 1.597E-01
1742 5.093E-01 1.597E-01
1743 5.094E-01 1.597E-01
1744 5.095E-01 1.597E-01
1745 5.096E-01 1.597E-01
1746 5.096E-01 1.597E-01
1747 5.096E-01 1.597E-01
1748 5.096E-01 1.597E-01
1749 5.096E-01 1.597E-01
1750 5.096E-01 1.597E-01
1751 5.097E-01 1.594E-01
1752 5.098E-01 1.592E-01
1753 5.099E-01 1.590E-01
1754 5.101E-01 1.588E-01
1755 5.102E-01 1.586E-01
1756 5.102E-01 1.585E-01
1757 5.103E-01 1.585E-01
1758 5.103E-01 1.584E-01
1759 5.104E-01 1.584E-01
1760 5.105E-01 1.584E-01
1761 5.102E-01 1.580E-01
1762 5.100E-01 1.576E-01
1763 5.098E-01 1.572E-01
1764 5.096E-01 1.568E-01
1765 5.094E-01 1.563E-01
1766 5.092E-01 1.559E-01
1767 5.090E-01 1.555E-01
1768 5.088E-01 1.550E-01
1769 5.086E-01 1.546E-01
1770 5.084E-01 1.541E-01
1771 5.082E-01 1.541E-01
1772 5.081E-01 1.541E-01
1773 5.079E-01 1.541E-01
1774 5.078E-01 1.541E-01
1775 5.076E-01 1.541E-01
1776 5.078E-01 1.541E-01
1777 5.079E-01 1.541E-01
1778 5.081E-01 1.541E-01
1779 5.082E-01 1.541E-01
1780 5.084E-01 1.541E-01
1781 5.086E-01 1.541E-01
1782 5.088E-01 1.541E-01
1783 5.091E-01 1.541E-01
1784 5.093E-01 1.541E-01
1785 5.095E-01 1.541E-01
1786 5.095E-01 1.541E-01
1787 5.095E-01 1.541E-01
1788 5.095E-01 1.541E-01
1789 5.095E-01 1.541E-01
1790 5.095E-01 1.541E-01
1791 5.095E-01 1.541E-01
1792 5.095E-01 1.541E-01
1793 5.095E-01 1.541E-01
1794 5.095E-01 1.541E-01
1795 5.095E-01 1.541E-01
1796 5.095E-01 1.541E-01
1797 5.095E-01 1.541E-01
1798 5.095E-01 1.541E-01
1799 5.095E-01 1.541E-01
1800 5.095E-01 1.541E-01
1801 5.095E-01 1.540E-01
1802 5.095E-01 1.539E-01
1803 5.095E-01 1.538E-01
1804 5.095E-01 1.538E-01
1805 5.094E-01 1.537E-01
1806 5.094E-01 1.537E-01
1807 5.094E-01 1.537E-01
1808 5.094E-01 1.537E-01
1809 5.094E-01 1.537E-01
1810 5.094E-01 1.537E-01
1811 5.090E-01 1.537E-01
1812 5.086E-01 1.537E-01
1813 5.082E-01 1.537E-01
1814 5.078E-01 1.537E-01
1815 5.074E-01 1.537E-01
1816 5.073E-01 1.536E-01
1817 5.072E-01 1.535E-01
1818 5.071E-01 1.534E-01
1819 5.070E-01 1.534E-01
1820 5.069E-01 1.533E-01
1821 5.071E-01 1.533E-01
1822 5.074E-01 1.533E-01
1823 5.076E-01 1.533E-01
1824 5.079E-01 1.533E-01
1825 5.082E-01 1.533E-01
1826 5.081E-01 1.531E-01
1827 5.081E-01 1.528E-01
1828 5.080E-01 1.526E-01
1829 5.080E-01 1.524E-01
1830 5.079E-01 1.522E-01
1831 5.076E-01 1.519E-01
1832 5.073E-01 1.517E-01
1833 5.070E-01 1.515E-01
1834 5.067E-01 1.512E-01
1835 5.064E-01 1.510E-01
1836 5.066E-01 1.504E-01
1837 5.069E-01 1.497E-01
1838 5.071E-01 1.491E-01
1839 5.073E-01 1.484E-01
1840 5.076E-01 1.478E-01
1841 5.079E-01 1.473E-01
1842 5.083E-01 1.468E-01
1843 5.087E-01 1.463E-01
1844 5.091E-01 1.458E-01
1845 5.095E-01 1.453E-01
1846 5.097E-01 1.441E-01
1847 5.100E-01 1.429E-01
1848 5.103E-01 1.417E-01
1849 5.105E-01 1.404E-01
1850 5.108E-01 1.392E-01
1851 5.110E-01 1.384E-01
1852 5.112E-01 1.375E-01
1853 5.115E-01 1.366E-01
1854 5.117E-01 1.358E-01
1855 5.119E-01 1.349E-01
1856 5.122E-01 1.341E-01
1857 5.125E-01 1.332E-01
1858 5.128E-01 1.323E-01
1859 5.131E-01 1.315E-01
1860 5.134E-01 1.306E-01
1861 5.138E-01 1.287E-01
1862 5.142E-01 1.269E-01
1863 5.147E-01 1.250E-01
1864 5.151E-01 1.231E-01
1865 5.155E-01 1.212E-01
1866 5.153E-01 1.192E-01
1867 5.152E-01 1.171E-01
1868 5.150E-01 1.151E-01
1869 5.148E-01 1.131E-01
1870 5.146E-01 1.111E-01
1871 5.142E-01 1.077E-01
1872 5.137E-01 1.044E-01
1873 5.133E-01 1.010E-01
1874 5.128E-01 9.765E-02
1875 5.124E-01 9.430E-02
1876 5.102E-01 9.322E-02
1877 5.081E-01 9.214E-02
1878 5.059E-01 9.106E-02
1879 5.037E-01 8.998E-02
1880 5.016E-01 8.890E-02
1881 5.016E-01 8.870E-02
1882 5.016E-01 8.850E-02
1883 5.015E-01 8.829E-02
1884 5.015E-01 8.809E-02
1885 5.015E-01 8.789E-02
1886 5.019E-01 8.823E-02
1887 5.023E-01 8.857E-02
1888 5.026E-01 8.891E-02
1889 5.030E-01 8.924E-02
1890 5.034E-01 8.958E-02
1891 5.038E-01 9.038E-02
1892 5.042E-01 9.118E-02
1893 5.046E-01 9.198E-02
1894 5.050E-01 9.278E-02
1895 5.055E-01 9.358E-02
1896 5.061E-01 9.411E-02
1897 5.067E-01 9.464E-02
1898 5.073E-01 9.518E-02
1899 5.080E-01 9.571E-02
1900 5.086E-01 9.624E-02
1901 5.086E-01 9.694E-02
1902 5.086E-01 9.765E-02
1903 5.085E-01 9.835E-02
1904 5.085E-01 9.905E-02
1905 5.085E-01 9.975E-02
1906 5.081E-01 9.931E-02
1907 5.076E-01 9.886E-02
1908 5.072E-01 9.842E-02
1909 5.068E-01 9.797E-02
1910 5.064E-01 9.752E-02
1911 5.059E-01 9.511E-02
1912 5.055E-01 9.269E-02
1913 5.051E-01 9.027E-02
1914 5.047E-01 8.786E-02
1915 5.042E-01 8.544E-02
1916 5.038E-01 8.363E-02
1917 5.034E-01 8.182E-02
1918 5.030E-01 8.002E-02
1919 5.027E-01 7.821E-02
1920 5.023E-01 7.640E-02
1921 5.019E-01 7.433E-02
1922 5.015E-01 7.226E-02
1923 5.011E-01 7.020E-02
1924 5.007E-01 6.813E-02
1925 5.003E-01 6.606E-02
1926 5.003E-01 6.446E-02
1927 5.003E-01 6.285E-02
1928 5.003E-01 6.124E-02
1929 5.003E-01 5.963E-02
1930 5.003E-01 5.802E-02
1931 4.992E-01 5.701E-02
1932 4.980E-01 5.600E-02
1933 4.969E-01 5.499E-02
1934 4.958E-01 5.398E-02
1935 4.946E-01 5.297E-02
1936 4.943E-01 5.225E-02
1937 4.939E-01 5.154E-02
1938 4.935E-01 5.083E-02
1939 4.931E-01 5.011E-02
1940 4.927E-01 4.940E-02
1941 4.924E-01 4.883E-02
1942 4.920E-01 4.826E-02
1943 4.916E-01 4.769E-02
1944 4.912E-01 4.712E-02
1945 4.908E-01 4.655E-02
1946 4.907E-01 4.626E-02
1947 4.905E-01 4.597E-02
1948 4.904E-01 4.567E-02
1949 4.902E-01 4.538E-02
1950 4.901E-01 4.508E-02
1951 4.902E-01 4.508E-02
1952 4.903E-01 4.508E-02
1953 4.904E-01 4.508E-02
1954 4.905E-01 4.507E-02
1955 4.906E-01 4.507E-02
1956 4.905E-01 4.529E-02
1957 4.904E-01 4.550E-02
1958 4.902E-01 4.572E-02
1959 4.901E-01 4.594E-02
1960 4.900E-01 4.615E-02
1961 4.900E-01 4.615E-02
1962 4.900E-01 4.615E-02
1963 4.900E-01 4.615E-02
1964 4.900E-01 4.614E-02
1965 4.900E-01 4.614E-02
1966 4.902E-01 4.614E-02
1967 4.904E-01 4.614E-02
1968 4.906E-01 4.613E-02
1969 4.907E-01 4.613E-02
1970 4.909E-01 4.613E-02
1971 4.911E-01 4.613E-02
1972 4.913E-01 4.612E-02
1973 4.914E-01 4.612E-02
1974 4.916E-01 4.612E-02
1975 4.918E-01 4.612E-02
1976 4.930E-01 4.626E-02
1977 4.941E-01 4.640E-02
1978 4.953E-01 4.655E-02
1979 4.964E-01 4.669E-02
1980 4.976E-01 4.683E-02
1981 4.976E-01 4.731E-02
1982 4.976E-01 4.779E-02
1983 4.976E-01 4.827E-02
1984 4.976E-01 4.875E-02
1985 4.977E-01 4.922E-02
1986 4.977E-01 4.965E-02
1987 4.977E-01 5.009E-02
1988 4.977E-01 5.052E-02
1989 4.977E-01 5.095E-02
1990 4.977E-01 5.138E-02
1991 4.977E-01 5.192E-02
1992 4.978E-01 5.246E-02
1993 4.978E-01 5.299E-02
1994 4.978E-01 5.353E-02
1995 4.978E-01 5.407E-02
1996 4.978E-01 5.463E-02
1997 4.978E-01 5.518E-02
1998 4.978E-01 5.574E-02
1999 4.978E-01 5.630E-02
2000 4.979E-01 5.685E-02
2001 4.981E-01 5.702E-02
2002 4.983E-01 5.720E-02
2003 4.985E-01 5.737E-02
2004 4.986E-01 5.754E-02
2005 4.988E-01 5.771E-02
2006 4.991E-01 5.807E-02
2007 4.994E-01 5.843E-02
2008 4.996E-01 5.879E-02
2009 4.999E-01 5.916E-02
2010 5.002E-01 5.952E-02
2011 5.004E-01 6.013E-02
2012 5.006E-01 6.073E-02
2013 5.009E-01 6.134E-02
2014 5.011E-01 6.194E-02
2015 5.013E-01 6.255E-02
2016 5.016E-01 6.301E-02
2017 5.018E-01 6.347E-02
2018 5.021E-01 6.393E-02
2019 5.023E-01 6.439E-02
2020 5.025E-01 6.486E-02
2021 5.028E-01 6.524E-02
2022 5.030E-01 6.563E-02
2023 5.033E-01 6.601E-02
2024 5.035E-01 6.640E-02
2025 5.037E-01 6.679E-02
2026 5.038E-01 6.720E-02
2027 5.038E-01 6.761E-02
2028 5.039E-01 6.802E-02
2029 5.039E-01 6.843E-02
2030 5.040E-01 6.885E-02
2031 5.040E-01 6.943E-02
2032 5.040E-01 7.002E-02
2033 5.040E-01 7.060E-02
2034 5.040E-01 7.119E-02
2035 5.040E-01 7.177E-02
2036 5.044E-01 7.267E-02
2037 5.049E-01 7.356E-02
2038 5.053E-01 7.445E-02
2039 5.058E-01 7.534E-02
2040 5.062E-01 7.623E-02
2041 5.065E-01 7.693E-02
2042 5.068E-01 7.764E-02
2043 5.070E-01 7.834E-02
2044 5.073E-01 7.904E-02
2045 5.076E-01 7.974E-02
2046 5.076E-01 8.027E-02
2047 5.076E-01 8.080E-02
2048 5.076E-01 8.133E-02
2049 5.076E-01 8.186E-02
2050 5.076E-01 8.239E-02
2051 5.077E-01 8.283E-02
2052 5.078E-01 8.327E-02
2053 5.079E-01 8.371E-02
2054 5.080E-01 8.415E-02
2055 5.081E-01 8.459E-02
2056 5.085E-01 8.514E-02
2057 5.089E-01 8.570E-02
2058 5.093E-01 8.626E-02
2059 5.097E-01 8.681E-02
2060 5.101E-01 8.737E-02
2061 5.100E-01 8.764E-02
2062 5.100E-01 8.791E-02
2063 5.099E-01 8.817E-02
2064 5.098E-01 8.844E-02
2065 5.098E-01 8.871E-02
2066 5.095E-01 8.911E-02
2067 5.092E-01 8.951E-02
2068 5.089E-01 8.992E-02
2069 5.086E-01 9.032E-02
2070 5.083E-01 9.072E-02
2071 5.080E-01 9.072E-02
2072 5.078E-01 9.072E-02
2073 5.076E-01 9.071E-02
2074 5.073E-01 9.071E-02
2075 5.071E-01 9.071E-02
2076 5.071E-01 9.089E-02
2077 5.071E-01 9.107E-02
2078 5.071E-01 9.125E-02
2079 5.071E-01 9.143E-02
2080 5.071E-01 9.162E-02
2081 5.071E-01 9.209E-02
2082 5.071E-01 9.256E-02
2083 5.070E-01 9.303E-02
2084 5.070E-01 9.350E-02
2085 5.070E-01 9.397E-02
2086 5.070E-01 9.447E-02
2087 5.069E-01 9.496E-02
2088 5.069E-01 9.546E-02
2089 5.068E-01 9.596E-02
2090 5.068E-01 9.646E-02
2091 5.067E-01 9.691E-02
2092 5.067E-01 9.737E-02
2093 5.066E-01 9.782E-02
2094 5.066E-01 9.827E-02
2095 5.065E-01 9.872E-02
2096 5.064E-01 9.886E-02
2097 5.062E-01 9.899E-02
2098 5.061E-01 9.913E-02
2099 5.059E-01 9.926E-02
2100 5.058E-01 9.940E-02
2101 5.054E-01 9.976E-02
2102 5.050E-01 1.001E-01
2103 5.047E-01 1.005E-01
2104 5.043E-01 1.008E-01
2105 5.039E-01 1.012E-01
2106 5.043E-01 1.018E-01
2107 5.047E-01 1.025E-01
2108 5.050E-01 1.031E-01
2109 5.054E-01 1.037E-01
2110 5.058E-01 1.043E-01
2111 5.056E-01 1.045E-01
2112 5.055E-01 1.047E-01
2113 5.054E-01 1.049E-01
2114 5.052E-01 1.051E-01
2115 5.051E-01 1.053E-01
2116 5.050E-01 1.059E-01
2117 5.048E-01 1.064E-01
2118 5.047E-01 1.070E-01
2119 5.046E-01 1.075E-01
2120 5.044E-01 1.081E-01
2121 5.047E-01 1.081E-01
2122 5.051E-01 1.081E-01
2123 5.054E-01 1.081E-01
2124 5.057E-01 1.081E-01
2125 5.060E-01 1.081E-01
2126 5.055E-01 1.086E-01
2127 5.050E-01 1.092E-01
2128 5.045E-01 1.098E-01
2129 5.040E-01 1.103E-01
2130 5.035E-01 1.109E-01
2131 5.039E-01 1.111E-01
2132 5.043E-01 1.114E-01
2133 5.047E-01 1.116E-01
2134 5.051E-01 1.118E-01
2135 5.055E-01 1.121E-01
2136 5.053E-01 1.121E-01
2137 5.051E-01 1.122E-01
2138 5.048E-01 1.123E-01
2139 5.046E-01 1.124E-01
2140 5.044E-01 1.124E-01
2141 5.041E-01 1.128E-01
2142 5.037E-01 1.132E-01
2143 5.034E-01 1.136E-01
2144 5.031E-01 1.140E-01
2145 5.028E-01 1.144E-01
2146 5.024E-01 1.145E-01
2147 5.021E-01 1.146E-01
2148 5.018E-01 1.147E-01
2149 5.015E-01 1.148E-01
2150 5.011E-01 1.150E-01
2151 5.009E-01 1.149E-01
2152 5.007E-01 1.149E-01
2153 5.005E-01 1.149E-01
2154 5.003E-01 1.149E-01
2155 5.000E-01 1.149E-01
2156 4.998E-01 1.149E-01
2157 4.996E-01 1.149E-01
2158 4.994E-01 1.149E-01
2159 4.992E-01 1.149E-01
2160 4.990E-01 1.149E-01
2161 4.988E-01 1.149E-01
2162 4.986E-01 1.149E-01
2163 4.984E-01 1.149E-01
2164 4.981E-01 1.149E-01
2165 4.979E-01 1.149E-01
2166 4.978E-01 1.149E-01
2167 4.976E-01 1.149E-01
2168 4.974E-01 1.149E-01
2169 4.972E-01 1.149E-01
2170 4.970E-01 1.149E-01
2171 4.972E-01 1.149E-01
2172 4.974E-01 1.149E-01
2173 4.975E-01 1.149E-01
2174 4.977E-01 1.149E-01
2175 4.979E-01 1.149E-01
2176 4.979E-01 1.149E-01
2177 4.979E-01 1.149E-01
2178 4.979E-01 1.149E-01
2179 4.979E-01 1.149E-01
2180 4.979E-01 1.149E-01
2181 4.963E-01 1.149E-01
2182 4.946E-01 1.150E-01
2183 4.929E-01 1.151E-01
2184 4.912E-01 1.152E-01
2185 4.895E-01 1.152E-01
2186 4.889E-01 1.155E-01
2187 4.883E-01 1.157E-01
2188 4.877E-01 1.160E-01
2189 4.871E-01 1.163E-01
2190 4.865E-01 1.165E-01
2191 4.859E-01 1.165E-01
2192 4.854E-01 1.166E-01
2193 4.848E-01 1.166E-01
2194 4.842E-01 1.166E-01
2195 4.836E-01 1.167E-01
2196 4.833E-01 1.174E-01
2197 4.830E-01 1.181E-01
2198 4.827E-01 1.188E-01
2199 4.824E-01 1.196E-01
2200 4.821E-01 1.203E-01
2201 4.820E-01 1.201E-01
2202 4.819E-01 1.200E-01
2203 4.818E-01 1.199E-01
2204 4.817E-01 1.197E-01
2205 4.816E-01 1.196E-01
2206 4.816E-01 1.191E-01
2207 4.815E-01 1.186E-01
2208 4.815E-01 1.181E-01
2209 4.815E-01 1.176E-01
2210 4.815E-01 1.171E-01
2211 4.817E-01 1.167E-01
2212 4.818E-01 1.163E-01
2213 4.820E-01 1.159E-01
2214 4.821E-01 1.156E-01
2215 4.823E-01 1.152E-01
2216 4.827E-01 1.152E-01
2217 4.831E-01 1.152E-01
2218 4.836E-01 1.151E-01
2219 4.840E-01 1.151E-01
2220 4.844E-01 1.151E-01
2221 4.849E-01 1.151E-01
2222 4.853E-01 1.151E-01
2223 4.858E-01 1.151E-01
2224 4.862E-01 1.151E-01
2225 4.867E-01 1.151E-01
2226 4.873E-01 1.151E-01
2227 4.879E-01 1.151E-01
2228 4.884E-01 1.151E-01
2229 4.890E-01 1.151E-01
2230 4.896E-01 1.151E-01
2231 4.902E-01 1.151E-01
2232 4.908E-01 1.151E-01
2233 4.914E-01 1.151E-01
2234 4.920E-01 1.151E-01
2235 4.926E-01 1.151E-01
2236 4.924E-01 1.151E-01
2237 4.922E-01 1.151E-01
2238 4.920E-01 1.151E-01
2239 4.919E-01 1.151E-01
2240 4.917E-01 1.151E-01
2241 4.914E-01 1.151E-01
2242 4.911E-01 1.151E-01
2243 4.908E-01 1.151E-01
2244 4.905E-01 1.151E-01
2245 4.902E-01 1.151E-01
2246 4.902E-01 1.151E-01
2247 4.902E-01 1.151E-01
2248 4.902E-01 1.151E-01
2249 4.901E-01 1.151E-01
2250 4.901E-01 1.151E-01
2251 4.901E-01 1.150E-01
2252 4.900E-01 1.149E-01
2253 4.899E-01 1.148E-01
2254 4.898E-01 1.148E-01
2255 4.897E-01 1.147E-01
2256 4.895E-01 1.141E-01
2257 4.893E-01 1.134E-01
2258 4.891E-01 1.128E-01
2259 4.889E-01 1.121E-01
2260 4.887E-01 1.115E-01
2261 4.889E-01 1.115E-01
2262 4.892E-01 1.115E-01
2263 4.894E-01 1.114E-01
2264 4.896E-01 1.114E-01
2265 4.898E-01 1.114E-01
2266 4.900E-01 1.111E-01
2267 4.902E-01 1.108E-01
2268 4.904E-01 1.105E-01
2269 4.906E-01 1.102E-01
2270 4.908E-01 1.099E-01
2271 4.910E-01 1.097E-01
2272 4.912E-01 1.095E-01
2273 4.914E-01 1.093E-01
2274 4.916E-01 1.091E-01
2275 4.918E-01 1.089E-01
2276 4.920E-01 1.086E-01
2277 4.923E-01 1.084E-01
2278 4.925E-01 1.082E-01
2279 4.927E-01 1.079E-01
2280 4.929E-01 1.077E-01
2281 4.926E-01 1.074E-01
2282 4.924E-01 1.071E-01
2283 4.921E-01 1.068E-01
2284 4.919E-01 1.064E-01
2285 4.916E-01 1.061E-01
2286 4.910E-01 1.056E-01
2287 4.904E-01 1.051E-01
2288 4.898E-01 1.046E-01
2289 4.892E-01 1.041E-01
2290 4.886E-01 1.036E-01
2291 4.885E-01 1.029E-01
2292 4.884E-01 1.021E-01
2293 4.883E-01 1.013E-01
2294 4.882E-01 1.005E-01
2295 4.882E-01 9.971E-02
2296 4.879E-01 9.941E-02
2297 4.875E-01 9.910E-02
2298 4.872E-01 9.879E-02
2299 4.869E-01 9.849E-02
2300 4.866E-01 9.818E-02
2301 4.863E-01 9.818E-02
2302 4.860E-01 9.818E-02
2303 4.857E-01 9.817E-02
2304 4.853E-01 9.817E-02
2305 4.850E-01 9.817E-02
2306 4.847E-01 9.817E-02
2307 4.844E-01 9.817E-02
2308 4.841E-01 9.816E-02
2309 4.838E-01 9.816E-02
2310 4.835E-01 9.816E-02
2311 4.832E-01 9.809E-02
2312 4.830E-01 9.802E-02
2313 4.828E-01 9.795E-02
2314 4.825E-01 9.788E-02
2315 4.823E-01 9.781E-02
2316 4.823E-01 9.741E-02
2317 4.823E-01 9.700E-02
2318 4.823E-01 9.660E-02
2319 4.823E-01 9.620E-02
2320 4.823E-01 9.580E-02
2321 4.823E-01 9.537E-02
2322 4.823E-01 9.495E-02
2323 4.823E-01 9.453E-02
2324 4.823E-01 9.411E-02
2325 4.823E-01 9.369E-02
2326 4.822E-01 9.319E-02
2327 4.822E-01 9.269E-02
2328 4.822E-01 9.219E-02
2329 4.822E-01 9.169E-02
2330 4.822E-01 9.118E-02
2331 4.817E-01 9.118E-02
2332 4.813E-01 9.118E-02
2333 4.809E-01 9.118E-02
2334 4.805E-01 9.117E-02
2335 4.801E-01 9.117E-02
2336 4.797E-01 9.078E-02
2337 4.793E-01 9.039E-02
2338 4.789E-01 9.000E-02
2339 4.785E-01 8.961E-02
2340 4.781E-01 8.922E-02
2341 4.778E-01 8.888E-02
2342 4.776E-01 8.853E-02
2343 4.773E-01 8.819E-02
2344 4.771E-01 8.785E-02
2345 4.768E-01 8.750E-02
2346 4.769E-01 8.779E-02
2347 4.770E-01 8.808E-02
2348 4.770E-01 8.837E-02
2349 4.771E-01 8.866E-02
2350 4.772E-01 8.895E-02
2351 4.773E-01 8.865E-02
2352 4.773E-01 8.836E-02
2353 4.774E-01 8.807E-02
2354 4.775E-01 8.777E-02
2355 4.775E-01 8.748E-02
2356 4.776E-01 8.680E-02
2357 4.777E-01 8.613E-02
2358 4.778E-01 8.546E-02
2359 4.779E-01 8.478E-02
2360 4.780E-01 8.411E-02
2361 4.778E-01 8.332E-02
2362 4.777E-01 8.254E-02
2363 4.776E-01 8.176E-02
2364 4.774E-01 8.097E-02
2365 4.773E-01 8.019E-02
2366 4.770E-01 8.011E-02
2367 4.767E-01 8.003E-02
2368 4.765E-01 7.995E-02
2369 4.762E-01 7.987E-02
2370 4.759E-01 7.979E-02
2371 4.756E-01 7.946E-02
2372 4.754E-01 7.914E-02
2373 4.751E-01 7.882E-02
2374 4.748E-01 7.849E-02
2375 4.745E-01 7.817E-02
2376 4.747E-01 7.754E-02
2377 4.748E-01 7.691E-02
2378 4.749E-01 7.628E-02
2379 4.750E-01 7.565E-02
2380 4.752E-01 7.502E-02
2381 4.752E-01 7.496E-02
2382 4.753E-01 7.489E-02
2383 4.754E-01 7.483E-02
2384 4.755E-01 7.476E-02
2385 4.755E-01 7.470E-02
2386 4.752E-01 7.394E-02
2387 4.748E-01 7.318E-02
2388 4.744E-01 7.242E-02
2389 4.740E-01 7.167E-02
2390 4.736E-01 7.091E-02
2391 4.736E-01 7.083E-02
2392 4.735E-01 7.074E-02
2393 4.734E-01 7.066E-02
2394 4.734E-01 7.058E-02
2395 4.733E-01 7.050E-02
2396 4.731E-01 7.015E-02
2397 4.729E-01 6.981E-02
2398 4.727E-01 6.946E-02
2399 4.725E-01 6.912E-02
2400 4.723E-01 6.878E-02
2401 4.718E-01 6.878E-02
2402 4.714E-01 6.877E-02
2403 4.709E-01 6.877E-02
2404 4.704E-01 6.877E-02
2405 4.699E-01 6.877E-02
2406 4.695E-01 6.803E-02
2407 4.691E-01 6.730E-02
2408 4.686E-01 6.657E-02
2409 4.682E-01 6.584E-02
2410 4.678E-01 6.511E-02
2411 4.678E-01 6.445E-02
2412 4.678E-01 6.379E-02
2413 4.678E-01 6.313E-02
2414 4.678E-01 6.247E-02
2415 4.678E-01 6.182E-02
2416 4.678E-01 6.167E-02
2417 4.677E-01 6.153E-02
2418 4.677E-01 6.138E-02
2419 4.677E-01 6.124E-02
2420 4.677E-01 6.110E-02
2421 4.675E-01 6.018E-02
2422 4.673E-01 5.927E-02
2423 4.671E-01 5.835E-02
2424 4.668E-01 5.743E-02
2425 4.666E-01 5.652E-02
2426 4.662E-01 5.619E-02
2427 4.658E-01 5.585E-02
2428 4.653E-01 5.552E-02
2429 4.649E-01 5.519E-02
2430 4.645E-01 5.485E-02
2431 4.640E-01 5.485E-02
2432 4.636E-01 5.485E-02
2433 4.632E-01 5.485E-02
2434 4.627E-01 5.484E-02
2435 4.623E-01 5.484E-02
2436 4.620E-01 5.455E-02
2437 4.616E-01 5.425E-02
2438 4.613E-01 5.396E-02
2439 4.609E-01 5.366E-02
2440 4.606E-01 5.337E-02
2441 4.602E-01 5.337E-02
2442 4.599E-01 5.337E-02
2443 4.595E-01 5.336E-02
2444 4.592E-01 5.336E-02
2445 4.588E-01 5.336E-02
2446 4.585E-01 5.316E-02
2447 4.581E-01 5.297E-02
2448 4.578E-01 5.278E-02
2449 4.574E-01 5.258E-02
2450 4.571E-01 5.239E-02
2451 4.567E-01 5.192E-02
2452 4.564E-01 5.145E-02
2453 4.561E-01 5.099E-02
2454 4.557E-01 5.052E-02
2455 4.554E-01 5.005E-02
2456 4.551E-01 4.963E-02
2457 4.548E-01 4.921E-02
2458 4.545E-01 4.878E-02
2459 4.541E-01 4.836E-02
2460 4.538E-01 4.793E-02
2461 4.535E-01 4.777E-02
2462 4.532E-01 4.761E-02
2463 4.529E-01 4.744E-02
2464 4.526E-01 4.728E-02
2465 4.523E-01 4.711E-02
2466 4.522E-01 4.727E-02
2467 4.521E-01 4.743E-02
2468 4.521E-01 4.759E-02
2469 4.520E-01 4.774E-02
2470 4.519E-01 4.790E-02
2471 4.518E-01 4.796E-02
2472 4.518E-01 4.801E-02
2473 4.517E-01 4.807E-02
2474 4.516E-01 4.813E-02
2475 4.516E-01 4.818E-02
2476 4.513E-01 4.833E-02
2477 4.510E-01 4.847E-02
2478 4.507E-01 4.861E-02
2479 4.505E-01 4.876E-02
2480 4.502E-01 4.890E-02
2481 4.499E-01 4.904E-02
2482 4.497E-01 4.919E-02
2483 4.494E-01 4.933E-02
2484 4.491E-01 4.947E-02
2485 4.488E-01 4.962E-02
2486 4.487E-01 4.961E-02
2487 4.486E-01 4.961E-02
2488 4.485E-01 4.961E-02
2489 4.483E-01 4.961E-02
2490 4.482E-01 4.960E-02
2491 4.482E-01 4.960E-02
2492 4.482E-01 4.960E-02
2493 4.482E-01 4.960E-02
2494 4.482E-01 4.959E-02
2495 4.482E-01 4.959E-02
2496 4.478E-01 4.944E-02
2497 4.475E-01 4.930E-02
2498 4.471E-01 4.915E-02
2499 4.467E-01 4.900E-02
2500 4.464E-01 4.885E-02
